4
6
9
12
15
17
21
28
32
43
46
50
54
62
70
71
75
77
81
83
87
97
103
119
120
127
138
141
148
150
151
158
160
165
168
169
177
178
184
194
198
203
211
217
219
221
227
230
235
240
243
249
253
258
261
263
264
265
268
271
274
275
279
282
286
288
294
296
297
300
303
314
315
321
323
330
341
342
352
353
360
361
362
366
372
376
377
379
380
387
392
394
395
397
407
411
416
417
419
428
431
436
438
445
446
455
456
461
463
464
466
467
470
475
482
490
496
497
508
510
512
513
523
531
532
533
537
544
547
556
565
566
571
573
574
581
585
589
597
601
602
613
616
619
622
623
629
634
638
642
643
645
648
652
664
666
672
676
678
682
686
688
689
690
692
695
697
698
706
708
712
715
717
725
729
737
739
747
753
758
759
763
773
774
776
788
790
794
801
802
805
809
812
825
828
830
833
850
852
862
863
864
865
868
872
879
880
883
886
923
924
932
945
947
948
955
963
979
989
994
995
998
1000
1018
1019
1028
1034
1038
1040
1042
1057
1058
1063
1066
1071
1073
1074
1077
1080
1088
1096
1097
1105
1115
1116
1122
1130
1133
1137
1140
1143
1149
1150
1153
1157
1180
1183
1188
1193
1200
1209
1214
1219
1223
1227
1228
1229
1233
1238
1239
1241
1243
1244
1245
1277
1279
1292
1293
1299
1304
1313
1328
1330
1334
1335
1336
1341
1344
1351
1352
1354
1368
1373
1375
1381
1384
1385
1388
1401
1402
1404
1406
1409
1422
1429
1433
1438
1444
1446
1450
1451
1454
1458
1461
1464
1465
1478
1479
1480
1484
1486
1488
1489
1491
1507
1515
1519
1528
1529
1530
1532
1541
1542
1547
1549
1553
1554
1555
1559
1565
1568
1576
1579
1592
1596
1605
1607
1612
1617
1619
1620
1624
1627
1633
1636
1639
1640
1644
1646
1647
1654
1655
1664
1665
1667
1669
1678
1682
1689
1690
1693
1695
1705
1706
1708
1716
1720
1722
1749
1750
1751
1760
1763
1770
1777
1785
1791
1794
1800
1816
1817
1821
1836
1838
1851
1852
1854
1856
1865
1872
1878
1880
1881
1882
1886
1892
1894
1898
1899
1902
1903
1906
1910
1911
1914
1929
1932
1952
1959
1960
1976
1980
1981
1987
1994
2000
2008
2011
2012
2019
2022
2024
2028
2030
2031
2047
2049
2050
2051
2056
2057
2059
2069
2085
2089
2090
2101
2114
2115
2118
2119
2125
2128
2129
2132
2133
2135
2136
2143
2144
2145
2152
2160
2166
2169
2170
2172
2181
2183
2185
2188
2189
2194
2202
2208
2227
2230
2235
2236
2244
2248
2252
2254
2260
2263
2274
2277
2279
2280
2283
2284
2288
2292
2295
2296
2299
2315
2318
2329
2337
2340
2342
2347
2349
2354
2361
2370
2378
2382
2387
2389
2394
2396
2400
2407
2414
2415
2421
2427
2428
2430
2435
2445
2446
2447
2449
2451
2458
2462
2463
2467
2471
2475
2478
2483
2485
2487
2494
2497
2499
2503
2513
2515
2522
2523
2528
2532
2536
2538
2539
2540
2545
2548
2549
2553
2563
2566
2574
2575
2584
2588
2589
2592
2596
2598
2602
2603
2607
2609
2611
2627
2628
2630
2633
2636
2640
2641
2657
2659
2662
2663
2667
2670
2682
2694
2699
2700
2703
2708
2714
2725
2726
2727
2732
2733
2736
2745
2760
2764
2765
2766
2775
2783
2784
2786
2801
2803
2813
2815
2816
2818
2819
2822
2825
2826
2830
2834
2835
2856
2873
2886
2892
2896
2897
2899
2901
2909
2914
2915
2916
2919
2926
2927
2933
2934
2941
2942
2946
2949
2952
2957
2962
2963
2965
2966
2971
2975
2979
2985
2995
2996
3001
3007
3008
3014
3017
3021
3025
3026
3034
3035
3044
3046
3047
3057
3059
3063
3065
3067
3069
3076
3086
3088
3090
3096
3100
3102
3103
3107
3118
3120
3123
3128
3132
3140
3152
3165
3183
3190
3197
3201
3203
3214
3219
3220
3221
3229
3234
3235
3240
3241
3249
3254
3264
3266
3270
3282
3285
3289
3291
3295
3299
3302
3303
3308
3309
3324
3327
3330
3335
3339
3340
3343
3350
3353
3356
3361
3368
3376
3381
3383
3397
3403
3405
3410
3412
3416
3417
3423
3427
3435
3439
3441
3450
3453
3454
3458
3459
3467
3469
3477
3478
3482
3484
3506
3515
3522
3523
3526
3532
3534
3537
3539
3542
3545
3552
3554
3573
3576
3577
3580
3583
3584
3609
3613
3623
3624
3638
3642
3643
3647
3653
3654
3656
3658
3659
3663
3664
3666
3681
3689
3694
3695
3699
3701
3704
3721
3726
3727
3729
3731
3738
3740
3744
3757
3758
3778
3781
3790
3796
3798
3804
3813
3814
3815
3818
3823
3826
3831
3834
3835
3849
3850
3855
3864
3867
3871
3879
3880
3882
3884
3893
3895
3901
3903
3913
3921
3929
3947
3962
3963
3966
3975
3976
3977
3978
3979
3983
3985
3989
3992
3995
4008
4013
4029
4035
4040
4048
4060
4066
4075
4079
4083
4091
4092
4093
4098
4108
4109
4110
4116
4129
4130
4140
4146
4150
4151
4153
4169
4170
4179
4183
4188
4190
4193
4201
4205
4210
4226
4229
4241
4242
4257
4258
4260
4263
4267
4273
4274
4277
4281
4283
4293
4294
4305
4307
4318
4325
4327
4332
4335
4336
4337
4339
4343
4346
4348
4350
4358
4359
4363
4366
4374
4375
4377
4393
4395
4400
4402
4404
4415
4418
4422
4430
4432
4433
4435
4438
4444
4447
4451
4452
4457
4459
4469
4471
4486
4488
4510
4515
4527
4530
4534
4535
4536
4548
4549
4551
4556
4559
4564
4570
4575
4584
4585
4591
4592
4593
4594
4598
4607
4608
4620
4621
4625
4635
4638
4652
4657
4658
4666
4672
4676
4680
4681
4683
4684
4689
4690
4692
4697
4700
4705
4721
4726
4729
4731
4736
4739
4740
4753
4754
4755
4756
4759
4764
4771
4772
4776
4780
4784
4786
4787
4789
4794
4800
4807
4813
4818
4823
4824
4829
4830
4835
4844
4845
4846
4847
4854
4857
4861
4863
4866
4869
4871
4872
4875
4877
4878
4885
4886
4888
4890
4896
4899
4913
4916
4920
4925
4934
4941
4946
4954
4956
4958
4965
4966
4970
4977
4980
4984
4995
4997
4999
5005
5011
5015
5016
5019
5024
5030
5031
5034
5047
5048
5052
5061
5062
5067
5068
5077
5079
5090
5094
5103
5104
5106
5107
5110
5114
5116
5121
5122
5124
5132
5133
5138
5143
5153
5154
5155
5160
5169
5172
5173
5179
5182
5187
5192
5211
5213
5219
5225
5226
5227
5228
5239
5241
5244
5248
5260
5266
5273
5280
5298
5300
5306
5307
5311
5316
5323
5332
5336
5338
5342
5347
5355
5357
5362
5363
5364
5366
5374
5375
5379
5380
5383
5385
5390
5393
5398
5411
5414
5429
5432
5436
5437
5439
5440
5449
5458
5460
5462
5463
5465
5467
5475
5483
5485
5489
5493
5497
5501
5506
5507
5510
5524
5531
5542
5543
5544
5552
5560
5563
5573
5579
5584
5585
5594
5595
5597
5598
5604
5606
5610
5615
5631
5637
5646
5656
5658
5666
5668
5673
5680
5691
5692
5693
5697
5698
5700
5704
5705
5707
5710
5716
5720
5722
5727
5733
5737
5742
5747
5760
5774
5788
5796
5797
5800
5812
5814
5818
5819
5823
5826
5830
5831
5846
5864
5869
5870
5879
5883
5886
5889
5904
5905
5910
5911
5914
5915
5920
5925
5926
5934
5939
5941
5943
5949
5961
5965
5966
5969
5970
5978
5979
5983
5985
5989
5997
6004
6010
6013
6019
6020
6032
6036
6037
6039
6050
6051
6053
6057
6059
6067
6068
6075
6078
6079
6080
6082
6084
6091
6092
6093
6096
6102
6105
6116
6122
6126
6131
6140
6141
6146
6147
6157
6162
6163
6165
6170
6208
6216
6218
6223
6224
6227
6240
6241
6246
6248
6249
6255
6261
6262
6269
6271
6278
6284
6285
6287
6288
6291
6296
6297
6304
6309
6310
6311
6316
6319
6332
6335
6336
6341
6359
6369
6375
6378
6380
6385
6387
6391
6392
6393
6400
6411
6415
6416
6419
6421
6432
6438
6444
6445
6446
6448
6452
6459
6470
6475
6484
6492
6502
6505
6506
6513
6514
6524
6525
6528
6529
6531
6538
6541
6546
6553
6563
6567
6586
6588
6589
6591
6596
6607
6613
6615
6625
6629
6630
6632
6640
6645
6648
6656
6658
6661
6663
6665
6673
6676
6681
6683
6684
6695
6697
6700
6702
6703
6704
6712
6716
6723
6733
6734
6739
6743
6746
6756
6758
6765
6772
6776
6777
6784
6785
6788
6790
6792
6797
6802
6806
6808
6809
6810
6814
6815
6819
6824
6830
6835
6838
6845
6846
6847
6848
6849
6864
6869
6870
6876
6878
6890
6892
6899
6906
6908
6912
6913
6925
6932
6935
6939
6946
6950
6963
6972
6974
6978
6979
6985
6989
7005
7007
7009
7015
7036
7047
7049
7054
7056
7058
7061
7064
7066
7069
7085
7086
7096
7103
7122
7125
7126
7130
7134
7135
7140
7145
7148
7151
7156
7157
7161
7163
7168
7170
7174
7175
7199
7200
7203
7209
7210
7215
7240
7241
7248
7253
7260
7262
7264
7265
7267
7268
7269
7270
7271
7274
7289
7292
7293
7294
7296
7298
7299
7304
7305
7308
7309
7310
7311
7312
7317
7319
7320
7329
7330
7331
7336
7353
7358
7363
7365
7366
7374
7377
7378
7382
7388
7398
7400
7411
7426
7434
7436
7442
7443
7464
7470
7476
7478
7479
7480
7487
7495
7498
7507
7525
7527
7528
7533
7535
7536
7537
7544
7552
7553
7554
7555
7556
7560
7564
7570
7571
7573
7574
7575
7592
7595
7596
7601
7608
7610
7613
7623
7630
7638
7643
7647
7671
7672
7676
7682
7689
7691
7695
7705
7707
7709
7710
7714
7716
7717
7718
7719
7720
7723
7727
7728
7737
7745
7747
7751
7759
7766
7767
7769
7775
7786
7798
7806
7807
7821
7822
7825
7829
7831
7835
7840
7844
7846
7854
7860
7873
7874
7878
7879
7886
7887
7888
7900
7907
7908
7920
7921
7922
7923
7925
7927
7938
7939
7944
7945
7947
7949
7959
7961
7964
7967
7969
7971
7974
7975
7978
7981
7984
7991
8001
8004
8010
8011
8012
8016
8022
8023
8024
8026
8031
8037
8040
8045
8046
8048
8049
8051
8061
8062
8074
8076
8077
8081
8085
8086
8088
8094
8096
8109
8113
8114
8118
8119
8120
8123
8127
8128
8130
8132
8133
8134
8136
8137
8146
8152
8154
8156
8161
8163
8164
8167
8173
8174
8175
8176
8179
8183
8186
8188
8189
8194
8195
8196
8198
8202
8206
8209
8222
8224
8227
8230
8241
8253
8255
8259
8263
8266
8267
8272
8273
8279
8281
8286
8288
8294
8295
8296
8302
8308
8314
8320
8321
8325
8331
8338
8342
8343
8348
8357
8363
8364
8365
8380
8387
8397
8400
8406
8410
8413
8434
8437
8444
8447
8455
8458
8459
8460
8461
8478
8485
8486
8488
8492
8500
8501
8509
8511
8514
8528
8531
8539
8542
8559
8560
8570
8571
8572
8575
8578
8582
8608
8610
8628
8629
8638
8646
8658
8668
8673
8675
8679
8686
8689
8690
8696
8697
8699
8701
8709
8713
8722
8724
8730
8731
8739
8742
8745
8746
8747
8750
8762
8778
8781
8795
8797
8798
8805
8807
8812
8813
8826
8829
8830
8833
8838
8841
8842
8843
8844
8866
8868
8871
8879
8883
8884
8890
8892
8898
8904
8906
8908
8909
8910
8914
8925
8936
8942
8948
8956
8958
8960
8978
8986
8990
9002
9010
9018
9020
9025
9031
9033
9034
9036
9038
9045
9048
9052
9055
9062
9065
9066
9072
9076
9080
9083
9086
9088
9089
9099
9100
9103
9104
9106
9111
9115
9122
9125
9126
9144
9157
9161
9166
9169
9173
9182
9185
9186
9188
9194
9195
9196
9202
9204
9210
9211
9215
9218
9230
9235
9239
9242
9248
9263
9264
9267
9269
9273
9274
9279
9280
9281
9282
9299
9300
9308
9310
9311
9315
9320
9329
9331
9332
9342
9349
9360
9362
9366
9372
9373
9375
9378
9393
9403
9405
9407
9411
9412
9423
9424
9426
9427
9429
9431
9433
9438
9440
9451
9463
9464
9466
9467
9477
9493
9500
9502
9505
9507
9511
9516
9518
9520
9526
9529
9536
9537
9538
9549
9552
9554
9556
9559
9561
9562
9564
9565
9567
9570
9573
9578
9579
9587
9593
9599
9602
9603
9604
9611
9617
9623
9627
9641
9642
9644
9654
9661
9662
9668
9669
9677
9679
9684
9688
9701
9705
9706
9712
9713
9719
9722
9723
9744
9745
9746
9752
9761
9773
9775
9780
9782
9783
9788
9791
9797
9805
9806
9810
9814
9815
9816
9817
9819
9831
9833
9835
9836
9841
9847
9848
9850
9857
9860
9863
9870
9876
9882
9886
9894
9898
9904
9905
9907
9908
9910
9915
9928
9929
9931
9942
9943
9947
9948
9950
9954
9956
9960
9961
9967
9971
9974
9979
9985
9986
9996
9997
10001
10004
10014
10016
10022
10031
10036
10041
10045
10050
10051
10053
10054
10063
10064
10086
10094
10095
10105
10107
10109
10111
10113
10115
10118
10125
10127
10131
10137
10138
10140
10141
10142
10151
10152
10153
10154
10163
10173
10176
10177
10183
10208
10217
10219
10231
10239
10240
10243
10247
10255
10258
10259
10260
10261
10263
10268
10271
10272
10279
10281
10283
10299
10300
10303
10307
10311
10318
10320
10334
10335
10338
10342
10349
10354
10358
10361
10369
10370
10377
10378
10380
10386
10391
10393
10395
10396
10399
10400
10405
10414
10416
10417
10418
10419
10422
10426
10427
10430
10431
10438
10442
10446
10450
10454
10458
10459
10460
10473
10475
10481
10484
10485
10487
10489
10493
10507
10515
10519
10523
10527
10529
10535
10540
10542
10543
10544
10545
10547
10549
10565
10569
10570
10572
10575
10580
10582
10584
10589
10592
10598
10599
10603
10608
10610
10612
10615
10619
10623
10627
10630
10645
10664
10668
10673
10675
10676
10695
10697
10698
10706
10712
10716
10717
10721
10726
10735
10736
10739
10746
10752
10753
10762
10768
10772
10782
10783
10785
10786
10787
10789
10793
10798
10800
10802
10805
10814
10818
10828
10832
10836
10840
10847
10850
10851
10857
10860
10862
10865
10869
10871
10878
10880
10881
10883
10890
10893
10905
10906
10907
10915
10916
10922
10924
10925
10926
10927
10938
10939
10941
10942
10943
10946
10949
10956
10958
10959
10965
10971
10975
10976
10977
10985
10986
10990
10996
11001
11009
11010
11012
11020
11023
11027
11029
11033
11046
11051
11056
11057
11059
11061
11069
11070
11075
11078
11091
11092
11097
11098
11104
11110
11112
11113
11119
11122
11129
11134
11139
11140
11144
11150
11152
11153
11155
11160
11169
11181
11182
11183
11185
11190
11192
11198
11199
11200
11203
11207
11208
11226
11230
11231
11236
11241
11256
11257
11258
11262
11265
11266
11286
11289
11296
11299
11300
11305
11313
11317
11319
11323
11325
11328
11329
11335
11337
11340
11354
11359
11362
11370
11388
11391
11420
11421
11423
11425
11427
11450
11462
11463
11466
11470
11474
11477
11497
11502
11507
11517
11518
11520
11527
11541
11554
11562
11566
11567
11569
11571
11576
11577
11578
11582
11589
11593
11594
11598
11599
11603
11608
11611
11614
11615
11622
11630
11631
11634
11652
11653
11664
11665
11674
11677
11682
11683
11686
11690
11700
11701
11712
11716
11729
11730
11731
11732
11741
11748
11750
11751
11753
11762
11765
11770
11772
11776
11777
11778
11779
11788
11789
11790
11791
11793
11797
11803
11807
11811
11817
11821
11823
11828
11830
11831
11841
11843
11848
11850
11857
11858
11868
11872
11878
11887
11888
11889
11905
11907
11908
11918
11923
11927
11931
11937
11939
11944
11969
11970
11974
11975
11981
11985
11986
11997
12006
12007
12008
12009
12017
12029
12043
12044
12047
12050
12055
12059
12061
12068
12072
12079
12082
12107
12110
12119
12120
12133
12139
12140
12144
12145
12150
12152
12153
12156
12159
12161
12167
12168
12172
12177
12178
12180
12188
12197
12201
12205
12217
12219
12220
12229
12232
12237
12245
12246
12256
12267
12270
12274
12281
12282
12284
12290
12291
12294
12302
12307
12322
12326
12332
12334
12349
12356
12369
12376
12378
12379
12393
12397
12400
12405
12408
12413
12415
12423
12434
12443
12444
12449
12452
12454
12457
12460
12466
12469
12474
12479
12483
12488
12492
12494
12496
12500
12502
12503
12508
12510
12511
12534
12535
12545
12557
12559
12561
12563
12565
12567
12569
12571
12575
12580
12586
12588
12593
12595
12600
12610
12613
12614
12619
12621
12623
12633
12639
12653
12663
12669
12673
12674
12688
12693
12698
12699
12711
12713
12716
12719
12720
12721
12735
12737
12741
12744
12745
12748
12750
12753
12758
12765
12780
12787
12792
12797
12798
12799
12800
12804
12808
12812
12815
12822
12832
12848
12852
12867
12868
12869
12874
12880
12883
12885
12892
12893
12909
12910
12914
12920
12921
12925
12928
12942
12946
12947
12954
12959
12964
12967
12970
12977
12985
12986
13001
13003
13004
13012
13013
13017
13021
13022
13024
13026
13030
13034
13036
13037
13039
13041
13059
13066
13074
13076
13078
13091
13092
13096
13097
13101
13109
13116
13118
13124
13130
13132
13134
13140
13142
13145
13169
13174
13175
13184
13186
13191
13192
13194
13198
13199
13200
13201
13202
13205
13206
13211
13214
13221
13222
13223
13225
13228
13239
13244
13254
13255
13256
13264
13265
13266
13269
13272
13273
13281
13282
13289
13304
13315
13317
13318
13320
13325
13338
13341
13348
13349
13357
13360
13361
13362
13366
13373
13374
13378
13380
13381
13391
13392
13393
13395
13399
13400
13416
13419
13431
13433
13440
13444
13447
13449
13451
13452
13464
13466
13468
13472
13474
13475
13482
13487
13501
13506
13508
13509
13523
13526
13529
13540
13542
13546
13551
13562
13563
13564
13569
13576
13586
13587
13598
13601
13608
13612
13614
13622
13631
13633
13636
13638
13642
13643
13644
13664
13667
13669
13670
13687
13694
13695
13696
13705
13715
13720
13729
13735
13736
13738
13742
13745
13748
13751
13752
13759
13772
13774
13777
13785
13786
13791
13794
13800
13805
13807
13808
13814
13824
13828
13831
13838
13850
13852
13858
13869
13877
13881
13892
13893
13895
13899
13907
13911
13914
13916
13922
13934
13935
13936
13946
13954
13960
13961
13962
13966
13968
13974
13990
13997
13999
14004
14005
14007
14012
14027
14033
14039
14040
14043
14053
14063
14073
14075
14085
14088
14089
14091
14106
14109
14111
14113
14115
14117
14120
14129
14131
14132
14135
14138
14142
14149
14163
14168
14169
14177
14184
14189
14199
14200
14201
14203
14205
14209
14215
14216
14221
14227
14230
14243
14244
14245
14258
14261
14263
14265
14273
14282
14283
14284
14287
14288
14294
14297
14302
14308
14310
14311
14313
14314
14323
14328
14330
14332
14334
14336
14337
14338
14339
14351
14352
14353
14357
14360
14369
14375
14376
14380
14382
14385
14388
14391
14392
14397
14404
14407
14408
14410
14413
14419
14422
14426
14432
14445
14459
14460
14465
14469
14478
14479
14482
14487
14488
14492
14499
14504
14508
14516
14523
14542
14546
14550
14553
14566
14572
14575
14576
14586
14590
14595
14601
14616
14619
14620
14625
14627
14630
14632
14633
14634
14637
14643
14645
14646
14648
14655
14659
14661
14664
14675
14677
14684
14686
14694
14700
14708
14709
14713
14716
14721
14734
14735
14740
14743
14746
14749
14755
14756
14757
14759
14784
14792
14801
14807
14808
14813
14816
14824
14827
14830
14835
14842
14849
14855
14856
14868
14870
14871
14878
14880
14890
14894
14895
14898
14902
14923
14925
14926
14929
14932
14939
14941
14949
14950
14960
14964
14966
14968
14969
14971
14972
14975
14978
14980
14985
14986
14987
14990
14996
15004
15007
15015
15022
15025
15028
15033
15034
15035
15038
15053
15054
15066
15068
15069
15087
15092
15093
15106
15112
15117
15128
15130
15131
15139
15144
15148
15149
15150
15151
15155
15158
15159
15162
15170
15179
15181
15189
15205
15211
15215
15218
15222
15224
15237
15240
15241
15245
15249
15252
15261
15262
15263
15265
15272
15282
15287
15288
15291
15292
15293
15294
15297
15299
15302
15305
15312
15314
15322
15327
15328
15333
15338
15341
15345
15352
15361
15364
15365
15370
15372
15374
15375
15376
15378
15383
15384
15391
15395
15403
15408
15409
15412
15413
15426
15429
15436
15450
15451
15452
15454
15458
15459
15462
15468
15469
15476
15479
15480
15481
15482
15491
15496
15497
15500
15506
15522
15532
15533
15536
15538
15542
15543
15544
15547
15554
15557
15566
15567
15573
15576
15588
15591
15607
15619
15621
15622
15627
15645
15650
15662
15665
15669
15672
15677
15685
15687
15689
15692
15693
15697
15702
15703
15707
15709
15710
15712
15713
15720
15724
15725
15728
15733
15737
15740
15742
15749
15751
15753
15755
15762
15768
15769
15771
15780
15784
15790
15795
15800
15801
15804
15810
15811
15812
15819
15823
15827
15828
15829
15830
15841
15851
15854
15863
15872
15881
15886
15892
15894
15905
15907
15911
15915
15920
15921
15929
15930
15932
15935
15937
15939
15944
15945
15956
15958
15960
15963
15968
15973
15979
15981
15983
15986
16013
16014
16020
16021
16024
16026
16039
16040
16043
16045
16046
16048
16050
16051
16052
16058
16062
16066
16075
16079
16082
16086
16089
16105
16108
16109
16110
16123
16124
16126
16131
16132
16133
16138
16142
16147
16148
16150
16153
16154
16159
16161
16163
16164
16165
16170
16171
16177
16193
16213
16214
16217
16221
16222
16223
16225
16226
16238
16244
16257
16260
16262
16272
16279
16281
16283
16291
16302
16308
16337
16339
16341
16350
16351
16361
16363
16366
16374
16376
16378
16383
16394
16398
16399
16402
16403
16409
16410
16422
16426
16431
16433
16435
16436
16438
16440
16447
16454
16456
16460
16462
16464
16465
16473
16481
16488
16490
16497
16498
16500
16504
16509
16512
16520
16521
16526
16527
16534
16539
16559
16560
16564
16565
16566
16570
16574
16577
16578
16585
16587
16590
16599
16605
16611
16617
16630
16643
16655
16658
16661
16669
16675
16682
16683
16705
16714
16715
16720
16721
16722
16725
16731
16732
16737
16738
16739
16752
16754
16755
16756
16759
16764
16766
16776
16777
16789
16792
16800
16801
16802
16803
16805
16809
16812
16813
16814
16815
16818
16824
16839
16844
16856
16864
16869
16875
16877
16878
16890
16892
16895
16899
16905
16913
16914
16921
16926
16933
16934
16939
16950
16954
16966
16968
16969
16972
16978
16983
16984
16986
16989
16991
16992
16994
16999
17000
17001
17010
17013
17016
17018
17022
17028
17031
17034
17037
17041
17045
17046
17050
17056
17069
17073
17089
17095
17106
17112
17117
17125
17131
17132
17133
17135
17136
17139
17140
17150
17152
17156
17157
17161
17165
17168
17170
17177
17180
17191
17196
17203
17204
17209
17213
17224
17244
17247
17249
17250
17256
17258
17262
17263
17267
17269
17272
17284
17285
17286
17293
17294
17298
17301
17302
17318
17319
17322
17328
17329
17330
17346
17347
17350
17352
17353
17354
17355
17363
17373
17378
17385
17391
17395
17399
17401
17403
17405
17409
17410
17411
17415
17417
17422
17429
17432
17434
17437
17439
17442
17443
17444
17446
17459
17466
17469
17476
17478
17481
17494
17501
17502
17505
17507
17517
17519
17520
17533
17540
17542
17546
17550
17551
17558
17563
17566
17570
17579
17582
17589
17592
17596
17597
17603
17611
17617
17619
17632
17643
17645
17650
17652
17656
17661
17669
17675
17680
17694
17698
17704
17716
17720
17729
17733
17743
17744
17746
17753
17761
17763
17770
17772
17774
17778
17785
17790
17802
17818
17821
17823
17828
17831
17838
17843
17845
17848
17850
17852
17860
17863
17867
17871
17875
17880
17881
17882
17883
17891
17895
17897
17901
17910
17913
17917
17919
17920
17926
17927
17929
17931
17935
17937
17944
17951
17953
17960
17961
17964
17967
17968
17970
17977
17993
17995
17997
17998
18003
18009
18012
18022
18026
18029
18030
18035
18039
18040
18041
18043
18046
18051
18056
18058
18059
18061
18070
18073
18076
18080
18083
18084
18085
18091
18095
18098
18099
18100
18106
18111
18117
18121
18130
18131
18139
18140
18142
18160
18161
18167
18168
18171
18172
18173
18177
18180
18185
18202
18203
18208
18219
18223
18226
18227
18229
18235
18237
18245
18249
18263
18264
18267
18269
18275
18280
18281
18286
18287
18288
18289
18292
18302
18305
18311
18314
18317
18318
18319
18327
18328
18329
18331
18332
18336
18337
18340
18341
18343
18344
18347
18355
18357
18358
18360
18362
18363
18366
18367
18373
18374
18375
18376
18378
18381
18382
18383
18386
18387
18395
18396
18399
18403
18405
18412
18413
18418
18419
18425
18426
18427
18432
18435
18443
18445
18447
18450
18451
18454
18456
18465
18471
18473
18481
18483
18486
18490
18497
18505
18513
18518
18519
18521
18523
18524
18530
18532
18545
18553
18559
18560
18564
18570
18574
18589
18590
18594
18598
18602
18607
18608
18610
18622
18624
18634
18637
18642
18643
18649
18650
18654
18657
18658
18659
18663
18664
18665
18671
18674
18679
18684
18690
18691
18694
18704
18709
18712
18718
18728
18738
18740
18742
18743
18747
18749
18758
18760
18763
18764
18767
18774
18775
18778
18788
18789
18796
18798
18801
18807
18814
18816
18827
18832
18838
18842
18848
18858
18859
18861
18866
18884
18885
18895
18897
18898
18912
18915
18916
18921
18925
18926
18928
18939
18940
18948
18956
18957
18961
18972
18978
18980
18981
18982
18990
18992
18997
18998
19008
19009
19010
19012
19021
19029
19034
19036
19037
19044
19049
19051
19054
19055
19057
19061
19075
19076
19092
19094
19099
19106
19109
19132
19137
19139
19140
19146
19149
19158
19161
19180
19187
19189
19190
19191
19192
19194
19197
19199
19201
19202
19207
19208
19214
19215
19217
19218
19227
19230
19237
19240
19242
19246
19248
19249
19250
19253
19254
19258
19260
19262
19263
19280
19282
19292
19298
19303
19314
19323
19352
19354
19355
19358
19369
19370
19375
19379
19383
19389
19390
19391
19394
19399
19403
19411
19418
19423
19425
19428
19429
19436
19440
19446
19448
19449
19456
19461
19465
19466
19468
19471
19472
19486
19488
19492
19503
19505
19508
19509
19514
19515
19527
19528
19529
19530
19536
19540
19542
19546
19556
19557
19561
19567
19568
19572
19573
19574
19575
19589
19590
19604
19613
19623
19625
19628
19634
19635
19637
19657
19665
19668
19677
19680
19682
19687
19691
19699
19700
19701
19709
19712
19716
19720
19721
19723
19733
19734
19737
19758
19759
19760
19764
19768
19769
19771
19775
19776
19777
19780
19783
19786
19788
19791
19797
19800
19802
19805
19806
19809
19812
19817
19824
19825
19828
19843
19848
19850
19855
19865
19874
19876
19878
19883
19891
19896
19900
19902
19909
19914
19920
19923
19928
19931
19934
19944
19945
19947
19953
19957
19968
19971
19979
19981
19987
20000
20002
20006
20011
20026
20027
20038
20039
20042
20054
20057
20061
20065
20068
20072
20080
20081
20087
20093
20095
20100
20114
20118
20125
20127
20146
20154
20155
20160
20166
20167
20168
20171
20174
20176
20190
20191
20195
20205
20207
20211
20214
20216
20222
20225
20233
20245
20246
20251
20258
20264
20266
20269
20274
20277
20281
20287
20288
20292
20294
20304
20311
20314
20320
20321
20331
20335
20340
20342
20351
20352
20360
20361
20363
20364
20373
20380
20383
20385
20387
20395
20406
20413
20416
20422
20429
20431
20432
20443
20444
20451
20463
20468
20469
20474
20475
20480
20483
20484
20488
20492
20496
20499
20506
20508
20510
20511
20512
20514
20516
20517
20520
20525
20532
20535
20537
20538
20548
20555
20562
20564
20569
20575
20581
20590
20591
20602
20609
20610
20624
20628
20631
20634
20635
20646
20647
20649
20658
20660
20662
20670
20673
20679
20682
20694
20708
20723
20727
20734
20738
20741
20745
20748
20751
20755
20758
20764
20767
20769
20771
20773
20775
20779
20780
20784
20789
20797
20800
20803
20807
20810
20811
20812
20813
20814
20816
20822
20831
20839
20840
20843
20847
20852
20854
20857
20869
20880
20881
20883
20891
20893
20900
20906
20911
20922
20926
20927
20931
20933
20934
20939
20942
20943
20945
20947
20949
20953
20964
20971
20973
20989
20990
20996
21003
21014
21017
21022
21026
21027
21029
21031
21034
21037
21046
21051
21054
21055
21059
21061
21063
21064
21069
21075
21079
21089
21092
21095
21096
21099
21103
21105
21109
21116
21120
21125
21130
21136
21140
21143
21149
21153
21154
21170
21172
21174
21175
21193
21194
21198
21201
21205
21207
21208
21210
21214
21215
21228
21229
21234
21237
21238
21240
21241
21247
21249
21254
21258
21266
21269
21278
21290
21291
21294
21299
21305
21315
21316
21324
21327
21331
21334
21336
21340
21341
21353
21354
21357
21360
21361
21362
21363
21369
21372
21375
21377
21379
21382
21386
21388
21389
21390
21394
21395
21402
21404
21405
21406
21408
21413
21416
21421
21423
21426
21431
21437
21439
21440
21453
21458
21469
21471
21474
21486
21490
21493
21498
21502
21503
21504
21507
21510
21517
21521
21522
21526
21528
21539
21542
21543
21555
21556
21566
21567
21569
21575
21582
21583
21585
21586
21588
21590
21592
21598
21601
21604
21605
21612
21615
21622
21624
21625
21629
21632
21637
21638
21639
21659
21663
21665
21670
21678
21683
21684
21689
21690
21691
21692
21695
21699
21704
21705
21706
21710
21713
21718
21720
21723
21725
21742
21748
21750
21751
21756
21760
21766
21767
21774
21775
21780
21787
21790
21800
21801
21811
21813
21821
21835
21851
21854
21855
21861
21862
21864
21869
21873
21883
21884
21889
21892
21897
21905
21909
21920
21938
21943
21946
21955
21959
21962
21974
21979
21984
21985
21987
21992
21996
21999
22002
22003
22004
22006
22007
22009
22012
22016
22024
22030
22040
22044
22045
22046
22054
22061
22062
22066
22071
22090
22091
22092
22099
22100
22104
22115
22121
22124
22133
22140
22142
22143
22147
22149
22153
22157
22158
22166
22170
22174
22188
22190
22193
22196
22197
22198
22201
22202
22206
22212
22214
22219
22221
22231
22232
22236
22244
22250
22256
22258
22260
22264
22273
22275
22278
22280
22285
22286
22292
22295
22312
22313
22318
22333
22342
22344
22346
22356
22361
22364
22374
22375
22383
22384
22388
22400
22402
22407
22412
22413
22416
22417
22419
22421
22433
22437
22442
22443
22450
22451
22453
22454
22461
22462
22464
22467
22469
22475
22480
22493
22495
22497
22500
22504
22513
22527
22534
22535
22536
22540
22549
22553
22554
22565
22566
22581
22582
22585
22589
22590
22592
22595
22603
22606
22617
22625
22629
22631
22647
22649
22650
22656
22661
22662
22665
22666
22668
22675
22679
22685
22691
22709
22711
22724
22727
22734
22738
22746
22749
22750
22755
22756
22764
22767
22772
22773
22791
22793
22796
22797
22798
22800
22801
22805
22813
22816
22831
22834
22840
22848
22852
22854
22856
22857
22859
22862
22863
22876
22880
22885
22889
22893
22895
22897
22899
22901
22902
22904
22913
22915
22918
22919
22925
22937
22943
22944
22949
22953
22954
22959
22961
22979
22980
22987
22998
23001
23005
23012
23014
23018
23023
23024
23038
23041
23054
23062
23063
23064
23071
23077
23078
23080
23081
23086
23087
23088
23089
23099
23102
23108
23109
23113
23125
23127
23134
23135
23137
23141
23143
23147
23148
23152
23155
23157
23160
23163
23168
23170
23175
23191
23192
23197
23206
23209
23210
23212
23214
23215
23217
23222
23225
23227
23231
23236
23247
23248
23254
23261
23264
23270
23271
23273
23274
23275
23279
23282
23285
23287
23301
23302
23306
23313
23318
23319
23324
23329
23332
23335
23337
23342
23343
23350
23359
23362
23372
23380
23382
23388
23400
23420
23423
23426
23428
23431
23435
23436
23445
23462
23468
23470
23471
23472
23486
23491
23494
23496
23497
23510
23514
23528
23534
23537
23538
23541
23546
23547
23551
23557
23562
23565
23566
23567
23575
23578
23584
23585
23587
23588
23591
23596
23597
23605
23611
23618
23619
23620
23633
23637
23646
23651
23655
23661
23666
23670
23671
23677
23681
23683
23685
23689
23690
23692
23697
23704
23706
23709
23717
23721
23724
23726
23729
23736
23737
23742
23761
23763
23768
23773
23774
23776
23796
23797
23799
23801
23804
23808
23809
23813
23825
23841
23851
23858
23862
23866
23869
23871
23886
23890
23900
23902
23903
23905
23919
23920
23927
23930
23932
23935
23937
23945
23946
23952
23964
23966
23968
23971
23972
23975
23981
23984
23988
23990
23996
23997
23998
24013
24020
24022
24037
24041
24051
24053
24063
24067
24069
24082
24087
24090
24096
24097
24098
24108
24110
24117
24118
24128
24129
24131
24132
24134
24135
24136
24142
24144
24146
24148
24151
24155
24167
24169
24173
24174
24183
24186
24188
24194
24197
24200
24207
24220
24221
24224
24229
24230
24235
24243
24249
24273
24281
24292
24302
24305
24309
24310
24316
24318
24329
24330
24341
24345
24347
24349
24351
24352
24358
24359
24362
24369
24378
24379
24386
24390
24395
24399
24400
24406
24408
24411
24413
24423
24430
24435
24436
24438
24443
24445
24452
24454
24464
24468
24473
24477
24481
24484
24490
24491
24497
24504
24509
24510
24511
24518
24521
24525
24528
24564
24571
24575
24581
24590
24591
24594
24599
24602
24605
24607
24610
24621
24626
24632
24634
24635
24638
24650
24653
24655
24660
24661
24663
24666
24675
24676
24679
24684
24685
24701
24704
24706
24711
24712
24715
24719
24720
24726
24731
24734
24736
24738
24760
24763
24771
24774
24776
24780
24787
24796
24798
24801
24805
24809
24816
24818
24824
24825
24831
24839
24841
24850
24865
24867
24868
24874
24876
24878
24879
24884
24885
24886
24888
24902
24907
24909
24917
24928
24931
24939
24942
24948
24952
24957
24961
24964
24981
24992
24995
25001
25006
25010
25019
25022
25026
25033
25048
25049
25051
25058
25060
25063
25065
25068
25073
25075
25088
25091
25093
25095
25099
25111
25114
25118
25119
25121
25125
25128
25129
25132
25137
25140
25143
25144
25151
25152
25162
25168
25171
25172
25175
25181
25187
25188
25189
25193
25198
25215
25225
25229
25232
25239
25250
25251
25252
25257
25258
25267
25271
25280
25285
25288
25300
25312
25315
25316
25317
25336
25338
25339
25341
25342
25343
25346
25349
25350
25351
25357
25363
25371
25377
25379
25381
25384
25390
25392
25395
25402
25403
25404
25415
25417
25418
25425
25426
25428
25435
25442
25455
25468
25471
25486
25492
25498
25499
25502
25506
25510
25513
25518
25520
25522
25526
25532
25543
25546
25551
25554
25558
25560
25563
25568
25569
25570
25574
25580
25584
25585
25586
25588
25592
25594
25595
25614
25621
25630
25632
25635
25636
25638
25645
25649
25654
25657
25660
25668
25670
25677
25680
25683
25685
25690
25694
25696
25701
25703
25708
25720
25722
25725
25727
25729
25731
25733
25738
25743
25746
25747
25752
25754
25760
25764
25766
25775
25779
25785
25787
25795
25796
25800
25807
25811
25813
25814
25816
25817
25823
25838
25844
25869
25873
25875
25876
25878
25881
25889
25894
25895
25896
25906
25910
25916
25921
25924
25931
25941
25946
25949
25954
25957
25964
25976
25978
25987
25989
26004
26005
26006
26007
26013
26014
26026
26029
26032
26033
26037
26039
26046
26057
26058
26060
26067
26068
26069
26072
26078
26081
26085
26090
26093
26095
26097
26099
26103
26106
26107
26113
26114
26117
26118
26120
26121
26122
26131
26134
26135
26140
26143
26147
26156
26157
26158
26169
26172
26176
26177
26182
26183
26188
26191
26200
26205
26215
26219
26223
26224
26232
26233
26234
26236
26248
26254
26259
26260
26266
26270
26272
26278
26286
26288
26297
26299
26302
26313
26319
26332
26344
26351
26352
26359
26363
26366
26368
26378
26382
26392
26394
26397
26400
26403
26405
26412
26413
26414
26422
26442
26449
26455
26457
26459
26461
26465
26467
26475
26478
26479
26481
26493
26495
26500
26504
26509
26512
26516
26521
26525
26528
26536
26540
26541
26552
26553
26557
26558
26559
26563
26564
26570
26571
26575
26576
26578
26583
26586
26588
26597
26604
26605
26610
26612
26617
26619
26630
26632
26635
26642
26649
26667
26669
26671
26682
26695
26699
26703
26706
26716
26719
26722
26727
26730
26731
26735
26737
26739
26740
26756
26757
26765
26776
26778
26779
26785
26790
26791
26799
26800
26805
26809
26811
26820
26822
26826
26828
26840
26841
26852
26854
26859
26860
26862
26870
26877
26878
26882
26888
26902
26907
26912
26915
26926
26930
26944
26949
26952
26967
26974
26977
26980
26984
26985
26988
26990
26993
26995
27001
27005
27009
27010
27012
27015
27017
27025
27031
27032
27033
27043
27049
27050
27059
27064
27076
27078
27087
27091
27093
27098
27103
27104
27105
27112
27115
27117
27119
27120
27134
27135
27136
27143
27153
27154
27170
27171
27186
27187
27190
27192
27204
27207
27213
27220
27221
27233
27241
27248
27249
27252
27254
27258
27259
27268
27271
27274
27277
27288
27294
27295
27299
27310
27313
27321
27322
27327
27332
27335
27337
27361
27363
27371
27373
27385
27387
27390
27393
27397
27399
27402
27407
27410
27411
27419
27424
27427
27428
27434
27441
27446
27450
27455
27456
27457
27458
27466
27469
27473
27480
27500
27511
27528
27529
27531
27533
27535
27543
27544
27546
27548
27549
27559
27568
27582
27585
27588
27590
27591
27592
27602
27627
27628
27631
27632
27636
27644
27649
27658
27660
27665
27668
27671
27676
27679
27680
27682
27684
27692
27694
27698
27699
27714
27716
27726
27731
27744
27745
27747
27752
27755
27756
27762
27766
27767
27768
27773
27790
27795
27797
27804
27806
27808
27809
27810
27811
27836
27845
27848
27849
27853
27855
27857
27862
27865
27877
27878
27889
27890
27899
27900
27908
27910
27915
27918
27919
27929
27936
27940
27941
27945
27946
27948
27959
27961
27963
27965
27967
27968
27972
27974
27976
27977
27979
27983
27995
28007
28008
28011
28014
28018
28021
28023
28030
28034
28039
28040
28042
28054
28060
28062
28084
28086
28090
28093
28098
28104
28107
28109
28110
28112
28119
28122
28123
28125
28133
28134
28135
28140
28143
28150
28158
28159
28163
28164
28167
28194
28209
28211
28218
28220
28229
28233
28240
28245
28246
28251
28254
28260
28273
28282
28284
28287
28292
28299
28301
28303
28307
28316
28328
28329
28340
28341
28343
28348
28357
28362
28371
28372
28376
28378
28381
28384
28397
28408
28412
28415
28433
28443
28446
28451
28453
28457
28460
28469
28473
28480
28483
28485
28495
28499
28502
28504
28505
28508
28511
28512
28515
28530
28538
28544
28550
28559
28571
28579
28585
28590
28591
28592
28593
28598
28602
28607
28611
28623
28625
28633
28635
28639
28650
28664
28665
28667
28669
28676
28679
28685
28686
28688
28692
28695
28696
28703
28719
28723
28724
28728
28732
28763
28765
28766
28769
28771
28776
28779
28782
28787
28790
28800
28806
28813
28814
28815
28821
28823
28828
28829
28832
28835
28843
28844
28846
28851
28852
28857
28859
28863
28866
28870
28872
28873
28875
28878
28879
28886
28893
28899
28902
28903
28907
28925
28929
28930
28937
28939
28947
28952
28957
28960
28961
28962
28963
28964
28965
28969
28972
28973
28974
28982
28986
28991
28992
28993
29001
29005
29006
29019
29023
29028
29030
29032
29034
29038
29041
29042
29048
29050
29053
29055
29056
29059
29063
29064
29070
29071
29077
29087
29098
29108
29109
29121
29124
29126
29129
29132
29136
29146
29147
29148
29152
29154
29155
29161
29165
29166
29173
29180
29187
29198
29203
29206
29209
29210
29211
29217
29221
29233
29240
29241
29242
29255
29259
29263
29275
29277
29278
29279
29285
29287
29290
29303
29305
29322
29325
29329
29340
29341
29342
29346
29367
29370
29374
29375
29378
29380
29385
29392
29393
29394
29398
29400
29402
29404
29408
29411
29414
29419
29420
29425
29428
29431
29437
29455
29458
29465
29466
29467
29470
29477
29479
29481
29484
29486
29490
29492
29496
29498
29506
29519
29525
29530
29535
29545
29548
29550
29553
29559
29562
29572
29573
29575
29578
29580
29587
29591
29595
29601
29604
29605
29615
29621
29629
29633
29636
29640
29642
29645
29659
29663
29664
29675
29676
29683
29686
29692
29697
29700
29704
29710
29719
29724
29734
29735
29741
29742
29744
29745
29747
29748
29752
29756
29759
29761
29763
29766
29771
29779
29781
29782
29783
29792
29794
29795
29796
29801
29802
29807
29808
29810
29817
29825
29829
29832
29836
29852
29857
29859
29866
29872
29875
29890
29893
29895
29901
29907
29913
29914
29919
29921
29930
29932
29943
29944
29947
29956
29961
29970
29982
29983
29984
29985
29999
30000
30001
30007
30009
30010
30011
30014
30027
30029
30034
30037
30038
30040
30050
30053
30059
30070
30073
30076
30077
30078
30081
30091
30093
30106
30109
30113
30115
30117
30122
30125
30130
30144
30146
30151
30165
30168
30177
30183
30184
30200
30213
30220
30222
30228
30230
30231
30233
30237
30244
30246
30250
30251
30252
30258
30259
30262
30267
30269
30273
30276
30280
30289
30290
30299
30301
30305
30308
30311
30321
30322
30330
30331
30333
30336
30345
30346
30354
30358
30362
30368
30374
30381
30382
30384
30386
30389
30398
30402
30412
30415
30419
30426
30429
30437
30448
30455
30460
30468
30490
30494
30496
30499
30501
30505
30507
30523
30525
30544
30555
30560
30566
30573
30579
30581
30587
30596
30600
30608
30612
30614
30623
30628
30631
30632
30633
30639
30647
30648
30657
30659
30661
30664
30666
30667
30675
30677
30691
30697
30701
30702
30704
30710
30719
30720
30729
30733
30738
30739
30740
30743
30746
30748
30751
30753
30773
30775
30783
30791
30792
30804
30807
30808
30810
30812
30852
30856
30880
30896
30898
30913
30924
30925
30932
30939
30941
30954
30957
30967
30968
30974
30976
30978
30979
30986
30989
30992
30996
31001
31003
31005
31008
31015
31021
31028
31031
31032
31038
31039
31044
31061
31062
31078
31079
31083
31088
31089
31091
31093
31095
31100
31116
31118
31126
31130
31135
31147
31161
31162
31166
31168
31171
31176
31177
31183
31192
31199
31204
31207
31212
31225
31226
31228
31229
31230
31235
31243
31248
31249
31254
31256
31260
31273
31279
31280
31295
31296
31298
31300
31307
31309
31320
31321
31340
31344
31350
31359
31363
31364
31368
31376
31377
31379
31386
31394
31398
31407
31413
31416
31422
31436
31438
31439
31441
31445
31447
31457
31466
31475
31488
31497
31500
31503
31510
31514
31521
31522
31534
31549
31552
31566
31572
31576
31580
31581
31584
31587
31603
31604
31610
31613
31615
31623
31649
31653
31659
31661
31666
31668
31669
31675
31682
31685
31700
31709
31710
31715
31719
31723
31724
31727
31735
31737
31742
31756
31762
31764
31767
31768
31769
31779
31780
31786
31791
31801
31804
31808
31809
31815
31818
31820
31824
31828
31838
31842
31844
31851
31853
31862
31868
31869
31873
31875
31879
31881
31884
31897
31899
31902
31903
31904
31905
31911
31917
31922
31924
31925
31926
31930
31932
31939
31943
31944
31945
31957
31961
31971
31982
31984
31985
31998
32009
32015
32021
32023
32025
32027
32028
32029
32031
32039
32041
32064
32068
32071
32073
32080
32082
32085
32092
32095
32099
32102
32105
32106
32115
32116
32117
32119
32120
32125
32136
32137
32138
32140
32143
32145
32148
32154
32163
32166
32170
32172
32177
32187
32201
32203
32204
32208
32217
32219
32227
32231
32236
32241
32245
32254
32255
32257
32261
32263
32264
32270
32275
32279
32280
32281
32282
32287
32301
32303
32306
32311
32314
32318
32326
32329
32330
32333
32334
32346
32347
32352
32358
32364
32370
32373
32375
32382
32384
32392
32395
32400
32405
32408
32417
32429
32435
32436
32440
32444
32450
32452
32453
32460
32467
32474
32475
32477
32479
32487
32493
32496
32502
32506
32507
32511
32515
32517
32521
32522
32523
32526
32544
32549
32566
32583
32584
32591
32597
32602
32605
32607
32609
32611
32619
32628
32647
32650
32651
32656
32665
32678
32680
32691
32695
32697
32709
32717
32721
32722
32725
32729
32734
32735
32745
32757
32759
32768
32775
32777
32779
32784
32797
32798
32804
32808
32814
32816
32820
32823
32824
32826
32831
32837
32842
32845
32849
32852
32857
32864
32872
32876
32877
32879
32888
32889
32893
32895
32897
32898
32906
32907
32912
32925
32939
32942
32944
32945
32950
32958
32959
32963
32965
32974
32979
32985
32987
32988
32992
32997
32999
33002
33011
33018
33021
33022
33025
33026
33027
33033
33036
33040
33043
33048
33057
33060
33064
33069
33070
33075
33083
33084
33085
33092
33093
33100
33106
33116
33117
33122
33129
33131
33135
33149
33153
33162
33166
33167
33168
33170
33171
33172
33177
33185
33186
33187
33189
33197
33198
33199
33200
33203
33208
33210
33211
33212
33213
33237
33239
33246
33247
33248
33253
33256
33259
33269
33270
33277
33280
33285
33294
33295
33305
33306
33320
33329
33333
33336
33338
33339
33344
33345
33347
33350
33354
33358
33364
33366
33368
33369
33376
33379
33380
33383
33384
33394
33415
33424
33427
33428
33442
33446
33450
33463
33466
33476
33480
33483
33494
33503
33507
33512
33513
33514
33516
33517
33521
33522
33525
33528
33531
33532
33539
33545
33555
33562
33565
33566
33579
33584
33595
33608
33610
33614
33616
33620
33625
33628
33631
33633
33641
33642
33647
33649
33652
33663
33666
33677
33679
33687
33689
33692
33694
33696
33698
33703
33704
33705
33706
33710
33727
33729
33732
33733
33734
33737
33742
33743
33762
33764
33777
33787
33795
33806
33812
33818
33821
33829
33832
33836
33839
33842
33843
33851
33853
33855
33868
33887
33899
33901
33902
33904
33913
33915
33916
33921
33922
33926
33930
33934
33937
33939
33940
33941
33946
33947
33958
33961
33970
33971
33975
33987
33995
33996
33999
34000
34004
34010
34012
34014
34016
34021
34027
34037
34043
34045
34052
34055
34065
34078
34080
34081
34083
34093
34098
34102
34105
34106
34109
34110
34115
34119
34126
34130
34132
34143
34144
34145
34147
34153
34157
34158
34159
34165
34169
34175
34178
34180
34182
34189
34193
34202
34203
34204
34216
34224
34240
34241
34242
34245
34246
34249
34252
34253
34258
34262
34266
34267
34270
34271
34277
34278
34291
34293
34294
34295
34297
34299
34304
34305
34309
34315
34316
34324
34325
34332
34341
34343
34354
34359
34360
34362
34372
34373
34374
34381
34384
34393
34394
34399
34400
34406
34408
34417
34422
34426
34429
34431
34438
34443
34446
34447
34459
34477
34479
34486
34491
34498
34503
34505
34519
34522
34527
34531
34555
34557
34559
34562
34578
34585
34588
34593
34596
34597
34616
34618
34625
34641
34646
34647
34650
34652
34653
34672
34676
34680
34696
34698
34699
34700
34725
34728
34734
34738
34740
34751
34756
34758
34760
34765
34766
34769
34770
34771
34774
34778
34780
34782
34786
34797
34798
34801
34809
34810
34811
34812
34821
34838
34842
34844
34849
34850
34851
34853
34854
34861
34863
34870
34874
34895
34896
34899
34905
34907
34910
34915
34928
34929
34946
34956
34961
34963
34965
34970
34977
34981
34982
34986
34989
34995
35009
35010
35011
35016
35017
35018
35022
35028
35035
35041
35049
35067
35071
35075
35077
35085
35086
35090
35092
35098
35101
35103
35108
35113
35114
35115
35116
35124
35126
35131
35134
35139
35144
35148
35151
35157
35160
35161
35162
35163
35167
35171
35175
35176
35180
35192
35199
35202
35204
35205
35208
35215
35220
35221
35228
35232
35242
35260
35262
35266
35269
35285
35297
35301
35313
35320
35322
35323
35324
35337
35340
35341
35343
35345
35347
35348
35350
35352
35361
35365
35381
35391
35393
35394
35395
35400
35401
35403
35411
35413
35415
35419
35423
35424
35425
35428
35436
35438
35439
35444
35447
35451
35454
35455
35457
35466
35470
35481
35486
35490
35494
35496
35501
35509
35511
35513
35515
35517
35518
35527
35539
35540
35545
35552
35555
35557
35575
35576
35577
35578
35579
35584
35587
35588
35591
35592
35594
35596
35597
35598
35599
35600
35610
35612
35616
35618
35623
35630
35637
35639
35644
35645
35646
35655
35660
35662
35666
35671
35674
35683
35684
35688
35696
35708
35709
35715
35717
35718
35723
35726
35728
35737
35738
35753
35755
35757
35759
35762
35763
35769
35770
35785
35787
35789
35790
35794
35797
35805
35807
35812
35814
35815
35818
35820
35822
35829
35831
35836
35837
35841
35845
35851
35854
35856
35862
35863
35877
35878
35882
35885
35891
35892
35895
35900
35904
35912
35914
35915
35922
35923
35924
35925
35926
35929
35932
35934
35945
35946
35947
35949
35957
35962
35966
35970
35972
35973
35975
35978
35984
35987
35991
36004
36009
36023
36031
36037
36038
36039
36048
36050
36051
36061
36062
36065
36071
36074
36076
36077
36085
36090
36091
36092
36093
36095
36101
36112
36119
36121
36130
36134
36135
36149
36154
36157
36160
36165
36166
36172
36174
36175
36178
36188
36201
36220
36221
36224
36231
36233
36237
36241
36245
36249
36271
36274
36275
36283
36286
36287
36294
36296
36297
36299
36303
36305
36309
36310
36312
36314
36318
36321
36336
36340
36341
36346
36347
36359
36373
36375
36376
36382
36395
36397
36398
36420
36427
36435
36439
36448
36453
36456
36457
36462
36466
36468
36469
36473
36474
36475
36477
36480
36482
36483
36486
36489
36496
36497
36500
36506
36508
36516
36521
36522
36529
36531
36534
36535
36538
36540
36541
36545
36553
36563
36566
36568
36569
36571
36576
36581
36583
36594
36597
36598
36600
36608
36610
36612
36616
36618
36628
36629
36630
36633
36639
36644
36647
36659
36667
36672
36680
36682
36692
36700
36701
36703
36706
36708
36717
36723
36724
36725
36727
36729
36735
36736
36738
36740
36747
36751
36752
36754
36758
36761
36765
36768
36773
36775
36778
36780
36783
36789
36792
36800
36802
36806
36813
36820
36833
36841
36849
36860
36862
36863
36876
36882
36883
36894
36898
36900
36901
36902
36907
36908
36914
36923
36926
36933
36936
36941
36947
36949
36952
36953
36958
36960
36965
36970
36984
36987
36988
36990
36991
36999
37000
37006
37010
37011
37012
37026
37028
37031
37040
37043
37054
37057
37060
37064
37072
37075
37077
37089
37097
37098
37109
37116
37117
37121
37122
37125
37126
37129
37130
37134
37136
37144
37148
37150
37158
37163
37164
37165
37168
37170
37172
37178
37188
37189
37197
37202
37205
37206
37213
37214
37222
37226
37227
37228
37238
37239
37247
37249
37251
37254
37256
37257
37263
37268
37275
37279
37284
37287
37302
37308
37314
37315
37337
37340
37343
37355
37357
37359
37363
37364
37365
37369
37377
37385
37390
37393
37395
37396
37411
37417
37430
37438
37440
37441
37449
37453
37459
37460
37463
37465
37470
37475
37477
37488
37492
37495
37500
37507
37508
37514
37518
37519
37521
37523
37525
37527
37528
37529
37532
37533
37541
37551
37555
37556
37557
37565
37567
37568
37569
37571
37581
37588
37611
37622
37627
37628
37629
37631
37639
37641
37643
37646
37649
37650
37658
37664
37669
37670
37671
37672
37675
37681
37682
37686
37716
37717
37726
37730
37754
37759
37762
37765
37771
37773
37774
37778
37779
37781
37788
37796
37797
37810
37812
37816
37831
37837
37840
37843
37871
37872
37873
37885
37887
37889
37892
37895
37911
37918
37921
37923
37924
37927
37929
37937
37938
37948
37951
37955
37960
37965
37967
37974
37978
37983
37992
37994
37996
37998
38007
38023
38031
38034
38038
38040
38042
38043
38048
38056
38058
38060
38066
38073
38077
38078
38082
38083
38086
38096
38098
38100
38101
38106
38109
38115
38123
38126
38140
38144
38148
38153
38155
38156
38157
38162
38166
38168
38188
38192
38196
38201
38205
38209
38215
38220
38221
38222
38235
38242
38243
38251
38254
38256
38258
38259
38260
38262
38269
38283
38284
38286
38297
38298
38306
38309
38314
38316
38321
38325
38327
38331
38333
38338
38341
38342
38353
38356
38357
38359
38366
38367
38372
38376
38378
38382
38385
38386
38393
38397
38401
38405
38418
38420
38422
38424
38426
38427
38428
38440
38444
38445
38447
38448
38449
38452
38453
38458
38459
38460
38464
38479
38482
38484
38485
38489
38490
38492
38494
38496
38499
38502
38503
38504
38505
38523
38526
38534
38535
38538
38541
38547
38555
38558
38560
38566
38575
38576
38577
38590
38591
38593
38601
38604
38611
38617
38618
38621
38622
38624
38633
38636
38639
38640
38642
38645
38656
38661
38665
38666
38673
38687
38694
38714
38718
38729
38731
38734
38735
38736
38745
38746
38751
38756
38761
38764
38770
38779
38786
38788
38794
38799
38800
38805
38815
38816
38817
38822
38828
38855
38861
38862
38864
38866
38867
38869
38870
38872
38877
38881
38884
38886
38887
38889
38891
38894
38898
38901
38912
38919
38922
38924
38927
38934
38945
38948
38958
38960
38961
38965
38973
38976
38978
38981
38983
38984
38986
38991
38993
38995
38997
39008
39019
39021
39023
39026
39029
39030
39040
39042
39050
39052
39061
39065
39067
39069
39075
39078
39079
39089
39092
39093
39096
39107
39110
39112
39114
39122
39126
39129
39147
39153
39165
39178
39183
39187
39190
39197
39200
39203
39208
39209
39215
39220
39223
39226
39240
39247
39251
39256
39260
39261
39266
39267
39276
39280
39286
39288
39293
39297
39300
39306
39313
39314
39317
39319
39320
39334
39335
39341
39342
39352
39353
39354
39357
39365
39370
39376
39383
39384
39387
39395
39396
39397
39402
39406
39409
39410
39411
39414
39416
39426
39427
39432
39435
39441
39442
39444
39449
39450
39453
39456
39462
39467
39471
39474
39475
39483
39487
39494
39497
39500
39516
39521
39523
39527
39535
39538
39540
39548
39557
39558
39562
39570
39571
39575
39582
39583
39584
39593
39603
39605
39610
39611
39613
39616
39625
39626
39629
39631
39639
39644
39646
39647
39652
39657
39658
39661
39664
39666
39670
39677
39679
39695
39699
39704
39705
39706
39721
39727
39733
39734
39737
39743
39750
39751
39755
39759
39768
39770
39784
39787
39794
39797
39801
39805
39809
39811
39813
39816
39818
39819
39827
39853
39854
39860
39862
39867
39871
39872
39881
39885
39886
39889
39892
39897
39921
39922
39924
39932
39933
39934
39936
39937
39939
39943
39947
39955
39960
39965
39973
39979
39989
39993
39994
39997
40002
40003
40004
40008
40011
40014
40019
40027
40029
40036
40042
40045
40047
40048
40050
40053
40058
40062
40068
40071
40072
40073
40081
40082
40084
40085
40087
40092
40095
40096
40098
40101
40103
40113
40117
40121
40142
40144
40153
40159
40165
40176
40177
40178
40187
40188
40194
40202
40209
40211
40212
40213
40215
40217
40218
40222
40229
40232
40234
40236
40239
40241
40243
40244
40245
40247
40260
40265
40267
40269
40270
40273
40274
40276
40286
40287
40288
40289
40302
40305
40306
40307
40310
40316
40317
40323
40325
40332
40335
40342
40344
40345
40346
40352
40359
40372
40375
40376
40378
40386
40391
40403
40409
40413
40418
40419
40421
40437
40443
40451
40461
40465
40470
40473
40478
40483
40484
40486
40487
40491
40508
40520
40525
40527
40528
40533
40534
40536
40548
40549
40554
40557
40558
40570
40578
40579
40580
40584
40598
40604
40606
40607
40608
40610
40614
40617
40619
40620
40626
40630
40633
40641
40642
40644
40646
40649
40651
40658
40663
40665
40666
40668
40674
40675
40679
40681
40683
40687
40692
40696
40698
40700
40705
40716
40723
40729
40730
40741
40742
40744
40753
40756
40764
40768
40774
40782
40794
40800
40801
40810
40817
40818
40821
40822
40825
40827
40838
40841
40843
40844
40849
40854
40865
40866
40867
40873
40875
40877
40883
40893
40897
40899
40900
40907
40915
40917
40926
40938
40939
40940
40945
40950
40953
40955
40960
40963
40965
40966
40968
40973
40975
40978
40991
40998
40999
41008
41012
41014
41027
41030
41034
41035
41037
41041
41044
41050
41052
41060
41072
41074
41076
41091
41093
41095
41096
41098
41105
41108
41109
41112
41114
41119
41121
41126
41127
41132
41138
41140
41142
41147
41154
41156
41157
41159
41161
41164
41167
41169
41171
41177
41183
41195
41197
41198
41204
41208
41209
41210
41221
41233
41234
41244
41251
41258
41269
41271
41273
41277
41278
41284
41289
41290
41293
41296
41303
41308
41309
41310
41319
41323
41326
41328
41330
41331
41332
41339
41342
41351
41364
41366
41374
41376
41378
41382
41384
41385
41388
41391
41401
41402
41407
41409
41412
41414
41417
41422
41424
41426
41430
41435
41439
41446
41447
41454
41455
41459
41461
41462
41463
41473
41477
41483
41485
41490
41491
41498
41504
41514
41516
41518
41520
41522
41530
41534
41535
41537
41539
41545
41549
41555
41556
41558
41560
41561
41566
41579
41585
41588
41591
41593
41595
41596
41597
41604
41611
41612
41615
41616
41619
41632
41635
41636
41638
41640
41644
41649
41654
41656
41665
41666
41676
41677
41678
41683
41690
41691
41705
41716
41717
41728
41729
41735
41740
41752
41753
41759
41762
41764
41767
41780
41781
41786
41787
41791
41803
41807
41810
41819
41820
41827
41832
41846
41848
41851
41859
41862
41863
41865
41871
41872
41875
41878
41879
41883
41885
41890
41892
41898
41904
41905
41907
41920
41936
41949
41950
41957
41970
41976
41978
41991
41992
42000
42001
42010
42015
42022
42029
42034
42041
42051
42057
42059
42061
42072
42075
42076
42077
42083
42087
42089
42093
42096
42097
42102
42103
42106
42109
42112
42118
42120
42126
42127
42131
42140
42142
42145
42146
42147
42148
42150
42151
42157
42161
42162
42163
42166
42167
42173
42179
42180
42191
42196
42197
42204
42207
42218
42226
42231
42237
42243
42250
42251
42256
42277
42278
42283
42284
42285
42287
42289
42292
42293
42296
42297
42300
42302
42304
42306
42313
42317
42320
42321
42329
42331
42333
42340
42349
42350
42352
42353
42357
42360
42362
42368
42370
42378
42381
42388
42392
42402
42403
42407
42422
42425
42429
42432
42433
42437
42443
42446
42450
42459
42463
42465
42468
42470
42480
42481
42483
42488
42491
42497
42507
42509
42512
42513
42533
42544
42551
42559
42562
42564
42567
42568
42576
42577
42578
42579
42580
42581
42584
42587
42590
42591
42595
42596
42597
42602
42612
42618
42627
42629
42634
42638
42644
42651
42652
42664
42669
42670
42674
42684
42686
42687
42689
42691
42694
42712
42716
42722
42725
42733
42741
42746
42749
42764
42765
42766
42767
42769
42777
42796
42803
42805
42810
42815
42817
42827
42834
42837
42843
42846
42848
42861
42867
42875
42879
42882
42883
42884
42888
42889
42894
42896
42903
42907
42915
42916
42917
42919
42930
42933
42937
42939
42949
42951
42953
42956
42964
42971
42974
42975
42977
42985
42986
42988
42993
43004
43005
43028
43029
43032
43035
43045
43046
43047
43048
43062
43063
43066
43068
43069
43082
43091
43093
43096
43101
43114
43126
43127
43133
43137
43139
43144
43147
43154
43155
43161
43164
43170
43173
43177
43180
43184
43195
43196
43197
43203
43205
43210
43213
43219
43220
43227
43230
43242
43244
43251
43254
43256
43266
43267
43273
43274
43280
43288
43290
43292
43293
43295
43298
43309
43310
43311
43316
43320
43345
43348
43352
43357
43360
43364
43371
43373
43376
43377
43385
43390
43393
43396
43399
43401
43402
43403
43410
43424
43437
43441
43442
43449
43452
43464
43468
43475
43484
43489
43500
43504
43519
43520
43527
43528
43533
43545
43555
43559
43564
43567
43569
43571
43579
43580
43582
43585
43586
43588
43590
43592
43594
43602
43604
43605
43608
43609
43614
43630
43633
43652
43661
43664
43672
43674
43681
43683
43692
43698
43701
43703
43704
43706
43708
43719
43722
43736
43737
43744
43746
43754
43756
43759
43761
43765
43766
43767
43777
43778
43799
43816
43818
43819
43832
43845
43846
43849
43850
43853
43865
43867
43869
43874
43885
43887
43888
43890
43895
43912
43914
43918
43920
43925
43928
43930
43934
43938
43941
43944
43948
43952
43954
43964
43967
43972
43973
43974
43988
43992
44002
44008
44015
44016
44018
44022
44026
44033
44035
44037
44040
44045
44050
44051
44054
44055
44064
44072
44080
44082
44090
44094
44095
44098
44103
44114
44117
44121
44131
44134
44148
44149
44152
44163
44178
44180
44188
44190
44191
44193
44194
44197
44206
44214
44217
44218
44222
44225
44228
44234
44237
44240
44241
44247
44254
44259
44260
44264
44265
44272
44274
44279
44284
44312
44318
44319
44320
44321
44322
44325
44331
44335
44344
44345
44350
44351
44352
44368
44372
44373
44374
44375
44381
44382
44385
44387
44389
44390
44399
44400
44403
44405
44407
44414
44415
44421
44441
44444
44446
44452
44456
44457
44459
44460
44461
44462
44463
44470
44471
44479
44488
44489
44494
44497
44498
44502
44503
44508
44510
44517
44518
44519
44520
44522
44524
44525
44529
44530
44534
44540
44541
44544
44551
44558
44565
44570
44571
44572
44578
44581
44583
44584
44588
44599
44605
44607
44613
44614
44615
44617
44618
44630
44631
44637
44638
44642
44654
44655
44663
44668
44675
44677
44680
44688
44696
44699
44704
44710
44714
44717
44721
44722
44726
44735
44738
44739
44748
44749
44753
44761
44763
44768
44771
44775
44776
44778
44786
44789
44790
44796
44798
44807
44808
44815
44817
44820
44825
44826
44827
44828
44836
44841
44844
44848
44850
44854
44855
44863
44880
44881
44882
44884
44889
44890
44896
44917
44921
44923
44925
44930
44934
44935
44939
44945
44946
44950
44951
44953
44957
44965
44969
44972
44974
44976
44984
44987
44994
45000
45004
45016
45019
45020
45028
45029
45037
45046
45047
45048
45056
45058
45062
45068
45074
45079
45082
45086
45088
45097
45106
45121
45126
45133
45162
45164
45166
45168
45188
45189
45193
45198
45215
45219
45222
45223
45224
45226
45228
45242
45253
45258
45259
45262
45269
45276
45281
45283
45287
45290
45292
45293
45296
45297
45300
45306
45309
45311
45323
45325
45336
45338
45339
45340
45341
45347
45348
45349
45351
45354
45356
45357
45362
45370
45372
45376
45381
45388
45392
45393
45394
45407
45409
45415
45416
45428
45438
45447
45448
45455
45458
45461
45469
45474
45479
45480
45481
45482
45487
45491
45492
45495
45497
45510
45519
45537
45538
45539
45541
45543
45547
45559
45561
45562
45563
45570
45576
45577
45578
45582
45586
45592
45603
45605
45609
45612
45616
45630
45631
45637
45639
45645
45646
45648
45649
45654
45658
45659
45664
45670
45677
45683
45684
45687
45689
45698
45699
45706
45709
45717
45718
45719
45725
45735
45745
45746
45749
45760
45784
45786
45798
45811
45819
45829
45834
45838
45847
45854
45855
45863
45868
45876
45878
45881
45887
45893
45899
45904
45905
45906
45914
45917
45918
45919
45920
45924
45932
45933
45938
45944
45945
45950
45954
45956
45965
45967
45974
45980
45981
45982
45985
45995
45997
46001
46007
46010
46013
46017
46019
46024
46028
46036
46039
46044
46046
46050
46056
46059
46062
46064
46065
46066
46068
46069
46070
46071
46079
46084
46085
46086
46088
46089
46095
46099
46112
46121
46122
46131
46132
46133
46134
46150
46151
46156
46158
46161
46167
46170
46173
46176
46184
46186
46187
46197
46198
46208
46213
46215
46218
46220
46225
46233
46250
46252
46253
46254
46255
46257
46262
46263
46266
46279
46280
46284
46286
46290
46302
46303
46306
46307
46309
46310
46323
46328
46329
46335
46338
46339
46341
46343
46347
46355
46359
46362
46365
46366
46367
46373
46374
46388
46391
46395
46400
46405
46411
46415
46424
46432
46433
46437
46452
46458
46471
46474
46476
46479
46484
46486
46489
46505
46510
46512
46515
46529
46538
46553
46558
46564
46567
46571
46579
46583
46586
46590
46594
46595
46604
46605
46609
46614
46617
46622
46625
46630
46631
46636
46637
46638
46649
46650
46652
46654
46665
46669
46683
46685
46688
46694
46704
46710
46712
46714
46725
46732
46739
46745
46753
46757
46758
46759
46765
46788
46792
46794
46797
46798
46800
46801
46803
46812
46813
46816
46819
46825
46835
46839
46846
46847
46848
46853
46868
46870
46878
46879
46889
46891
46897
46902
46906
46907
46910
46913
46917
46925
46936
46941
46942
46950
46952
46955
46956
46971
46972
46979
46984
46993
47009
47014
47015
47018
47021
47027
47035
47036
47043
47044
47053
47058
47061
47064
47081
47082
47083
47088
47094
47105
47114
47118
47119
47125
47134
47141
47160
47161
47164
47169
47170
47171
47180
47182
47186
47192
47196
47197
47198
47205
47206
47208
47211
47212
47218
47222
47223
47231
47235
47237
47238
47241
47242
47257
47260
47263
47267
47273
47281
47287
47289
47291
47294
47299
47304
47307
47313
47314
47316
47317
47327
47333
47346
47347
47348
47349
47352
47367
47368
47373
47375
47388
47389
47392
47393
47394
47395
47403
47404
47415
47417
47428
47430
47432
47433
47434
47436
47439
47440
47452
47454
47461
47482
47485
47486
47487
47489
47496
47508
47509
47513
47514
47516
47518
47523
47530
47535
47543
47551
47554
47568
47578
47582
47585
47587
47594
47597
47598
47606
47608
47620
47625
47629
47632
47635
47639
47641
47643
47652
47653
47655
47658
47666
47675
47676
47684
47692
47694
47695
47698
47700
47706
47708
47712
47719
47722
47724
47728
47730
47733
47735
47739
47740
47745
47753
47754
47755
47756
47766
47770
47772
47775
47777
47779
47782
47793
47795
47813
47818
47827
47834
47841
47846
47849
47852
47853
47856
47857
47860
47863
47869
47870
47873
47878
47881
47883
47885
47896
47902
47903
47907
47908
47909
47916
47926
47928
47937
47942
47953
47954
47962
47972
47975
47976
47982
47983
47986
47988
47990
48000
48005
48006
48008
48010
48019
48028
48033
48035
48042
48044
48053
48056
48060
48063
48066
48067
48068
48076
48083
48084
48085
48089
48091
48092
48095
48101
48103
48112
48117
48119
48120
48124
48131
48132
48134
48138
48140
48142
48147
48148
48149
48153
48155
48156
48160
48163
48165
48173
48181
48185
48203
48206
48207
48208
48210
48213
48215
48223
48227
48233
48240
48250
48258
48259
48260
48271
48273
48274
48275
48287
48294
48295
48298
48302
48306
48311
48315
48319
48320
48322
48331
48350
48354
48360
48370
48378
48380
48381
48388
48403
48409
48410
48411
48418
48427
48442
48444
48446
48458
48459
48475
48481
48484
48485
48497
48499
48500
48507
48516
48519
48521
48524
48527
48533
48534
48539
48541
48543
48558
48562
48564
48567
48569
48581
48583
48588
48592
48596
48614
48615
48617
48631
48632
48634
48638
48642
48644
48659
48676
48689
48693
48696
48697
48698
48699
48701
48702
48703
48705
48706
48708
48710
48717
48728
48732
48741
48747
48748
48751
48769
48773
48774
48777
48778
48780
48782
48785
48787
48805
48809
48810
48811
48819
48823
48829
48830
48835
48841
48847
48852
48858
48868
48869
48876
48881
48887
48898
48900
48908
48910
48924
48927
48930
48933
48934
48936
48945
48946
48948
48949
48957
48958
48959
48975
48977
48983
48985
48986
48988
48989
48995
49001
49009
49011
49018
49026
49028
49031
49032
49040
49042
49050
49052
49055
49066
49070
49073
49075
49080
49088
49089
49092
49096
49102
49104
49106
49107
49108
49110
49112
49113
49114
49121
49128
49130
49138
49141
49142
49146
49147
49150
49153
49154
49155
49157
49162
49163
49169
49176
49179
49182
49183
49191
49194
49200
49203
49205
49206
49214
49219
49232
49235
49244
49253
49255
49260
49263
49269
49274
49280
49282
49295
49305
49306
49313
49314
49330
49333
49348
49360
49361
49370
49374
49376
49377
49379
49382
49384
49386
49392
49395
49401
49402
49417
49420
49421
49433
49438
49452
49456
49461
49465
49466
49469
49472
49474
49482
49484
49486
49490
49494
49495
49498
49500
49501
49505
49510
49511
49514
49518
49522
49524
49528
49534
49546
49548
49553
49554
49556
49560
49566
49567
49578
49580
49586
49587
49596
49598
49599
49610
49613
49614
49615
49622
49625
49627
49630
49632
49633
49636
49647
49652
49653
49654
49656
49659
49661
49666
49667
49675
49680
49683
49688
49705
49706
49708
49711
49714
49716
49730
49733
49741
49744
49746
49748
49752
49755
49758
49759
49760
49763
49765
49768
49771
49781
49787
49794
49800
49803
49807
49809
49815
49820
49824
49827
49833
49842
49844
49846
49851
49859
49862
49876
49880
49885
49888
49892
49894
49896
49899
49913
49927
49931
49939
49942
49943
49944
49948
49950
49951
49955
49963
49969
49970
49979
49980
49985
49986
49993
49995
50001
50004
50007
50013
50023
50026
50029
50039
50044
50045
50064
50068
50070
50078
50079
50082
50083
50087
50091
50096
50099
50100
50103
50118
50123
50126
50139
50143
50154
50156
50159
50167
50168
50169
50179
50191
50192
50197
50198
50213
50220
50223
50229
50234
50235
50237
50239
50244
50262
50263
50284
50295
50297
50304
50305
50306
50308
50309
50313
50334
50337
50347
50348
50351
50359
50361
50364
50366
50373
50375
50383
50386
50396
50413
50422
50434
50435
50436
50437
50439
50444
50459
50472
50482
50485
50486
50488
50493
50494
50505
50512
50523
50525
50529
50530
50534
50541
50547
50567
50578
50579
50594
50595
50596
50601
50609
50612
50622
50625
50627
50635
50637
50658
50659
50663
50665
50667
50672
50673
50676
50678
50679
50680
50682
50686
50688
50693
50694
50695
50703
50709
50715
50718
50726
50727
50739
50740
50748
50753
50755
50757
50759
50761
50762
50768
50771
50772
50773
50783
50784
50789
50796
50797
50805
50806
50814
50816
50820
50827
50830
50834
50840
50841
50844
50846
50847
50857
50858
50859
50862
50866
50868
50871
50877
50879
50880
50885
50891
50903
50906
50907
50908
50916
50918
50920
50927
50929
50932
50933
50934
50944
50946
50952
50956
50958
50971
50973
50976
50978
50980
50981
50982
50985
51000
51001
51009
51012
51021
51024
51025
51029
51032
51045
51047
51052
51058
51061
51062
51066
51073
51078
51085
51087
51089
51090
51096
51102
51104
51106
51108
51114
51120
51125
51129
51130
51133
51134
51137
51138
51148
51156
51169
51171
51176
51177
51183
51191
51193
51195
51205
51208
51216
51220
51226
51227
51228
51232
51238
51248
51249
51251
51254
51263
51264
51265
51266
51268
51272
51281
51282
51284
51290
51293
51295
51301
51305
51306
51307
51310
51312
51314
51330
51334
51335
51343
51346
51360
51363
51365
51372
51376
51378
51384
51386
51387
51389
51390
51394
51396
51408
51418
51430
51432
51434
51436
51446
51453
51465
51466
51468
51469
51478
51486
51490
51492
51497
51503
51508
51513
51521
51526
51536
51539
51541
51554
51560
51568
51570
51576
51578
51599
51603
51606
51607
51615
51625
51630
51631
51638
51653
51656
51664
51665
51668
51669
51677
51686
51689
51696
51699
51702
51705
51714
51721
51722
51732
51741
51744
51751
51753
51760
51761
51767
51768
51771
51773
51780
51796
51799
51800
51804
51806
51810
51817
51820
51834
51838
51843
51845
51848
51853
51854
51857
51859
51863
51866
51870
51872
51890
51908
51911
51918
51925
51931
51932
51937
51938
51941
51944
51945
51955
51956
51964
51968
51975
51978
51988
51989
51998
51999
52004
52011
52018
52019
52025
52030
52031
52033
52036
52040
52041
52042
52043
52044
52046
52049
52056
52061
52080
52087
52088
52089
52090
52092
52094
52096
52104
52105
52110
52113
52115
52118
52119
52122
52128
52129
52134
52135
52146
52147
52153
52156
52157
52159
52168
52174
52178
52182
52183
52184
52186
52187
52189
52193
52198
52199
52205
52206
52208
52217
52218
52219
52220
52223
52227
52230
52232
52237
52240
52251
52253
52260
52261
52263
52265
52268
52270
52271
52283
52284
52285
52291
52292
52293
52300
52305
52310
52321
52323
52326
52328
52332
52334
52339
52343
52345
52349
52351
52357
52358
52363
52365
52376
52377
52381
52391
52392
52394
52401
52404
52410
52411
52419
52426
52440
52459
52462
52467
52470
52473
52475
52488
52491
52495
52507
52508
52511
52512
52517
52529
52540
52541
52547
52550
52552
52561
52568
52571
52572
52581
52583
52585
52591
52595
52596
52600
52601
52607
52613
52615
52623
52624
52631
52634
52636
52643
52649
52656
52658
52659
52677
52680
52684
52685
52686
52689
52692
52701
52706
52707
52708
52711
52712
52717
52725
52726
52734
52735
52740
52744
52746
52761
52765
52770
52771
52776
52777
52778
52785
52792
52793
52802
52813
52816
52822
52825
52828
52831
52833
52839
52843
52850
52855
52857
52860
52861
52863
52871
52872
52875
52881
52887
52889
52891
52892
52893
52901
52902
52904
52906
52916
52917
52919
52924
52926
52934
52935
52936
52948
52956
52957
52961
52962
52973
52977
52986
52988
52989
52993
52995
53006
53007
53009
53014
53017
53019
53021
53031
53039
53042
53049
53054
53058
53064
53067
53084
53094
53097
53107
53109
53125
53126
53127
53130
53131
53132
53133
53138
53142
53145
53148
53151
53155
53160
53164
53166
53167
53172
53176
53181
53185
53190
53197
53201
53203
53205
53207
53219
53224
53238
53244
53247
53252
53259
53271
53272
53278
53280
53281
53294
53314
53327
53328
53337
53338
53340
53343
53344
53346
53353
53366
53370
53372
53380
53382
53385
53386
53406
53411
53416
53417
53424
53425
53431
53433
53441
53442
53448
53452
53460
53463
53465
53472
53474
53478
53480
53484
53492
53498
53499
53505
53515
53518
53528
53534
53536
53539
53543
53546
53547
53551
53562
53564
53572
53574
53580
53581
53583
53585
53591
53594
53599
53604
53608
53610
53613
53619
53621
53622
53625
53632
53637
53644
53646
53648
53649
53650
53652
53666
53670
53671
53687
53689
53698
53702
53704
53709
53717
53725
53728
53732
53734
53735
53741
53746
53747
53758
53760
53761
53766
53781
53798
53799
53801
53803
53813
53817
53818
53838
53843
53844
53852
53856
53857
53862
53863
53865
53869
53881
53893
53894
53902
53905
53908
53910
53912
53913
53918
53933
53934
53935
53941
53943
53945
53946
53955
53957
53969
53970
53973
53977
53979
53980
53985
53986
53989
53996
53997
54001
54002
54009
54012
54016
54018
54029
54031
54033
54034
54037
54038
54039
54041
54043
54048
54055
54068
54070
54076
54078
54081
54086
54105
54110
54124
54127
54130
54138
54143
54151
54154
54160
54161
54165
54170
54174
54179
54181
54188
54198
54202
54206
54214
54215
54219
54231
54232
54235
54238
54241
54243
54246
54250
54255
54258
54264
54270
54279
54286
54302
54304
54305
54308
54311
54329
54332
54333
54334
54337
54344
54347
54348
54349
54350
54358
54369
54371
54375
54388
54401
54402
54403
54411
54416
54422
54431
54434
54439
54440
54442
54446
54447
54450
54457
54466
54471
54473
54475
54482
54483
54486
54488
54495
54502
54505
54518
54527
54529
54531
54537
54541
54543
54547
54558
54559
54561
54562
54569
54570
54573
54582
54595
54603
54613
54617
54618
54620
54621
54628
54633
54634
54635
54637
54638
54649
54651
54653
54656
54680
54692
54713
54719
54720
54722
54725
54734
54742
54743
54744
54752
54753
54759
54761
54764
54768
54773
54774
54787
54789
54790
54794
54795
54797
54798
54805
54806
54807
54815
54819
54821
54830
54835
54837
54842
54859
54864
54865
54868
54869
54870
54878
54880
54881
54883
54886
54892
54901
54906
54909
54911
54915
54919
54921
54922
54925
54930
54934
54940
54942
54943
54944
54949
54951
54952
54962
54970
54973
54975
54982
54984
54986
54992
55005
55010
55015
55022
55038
55046
55052
55053
55055
55057
55062
55066
55067
55068
55069
55078
55081
55087
55100
55105
55109
55112
55113
55117
55120
55124
55133
55136
55147
55168
55170
55172
55173
55183
55184
55200
55204
55206
55211
55215
55216
55221
55232
55239
55247
55252
55253
55258
55259
55260
55263
55273
55275
55283
55292
55293
55295
55298
55299
55303
55309
55312
55317
55318
55319
55327
55331
55340
55341
55355
55357
55360
55374
55382
55384
55388
55389
55392
55394
55396
55397
55403
55407
55416
55417
55423
55428
55432
55436
55437
55442
55451
55453
55457
55462
55463
55464
55467
55484
55485
55489
55491
55496
55500
55504
55510
55521
55523
55526
55533
55536
55542
55544
55551
55555
55558
55563
55576
55579
55580
55585
55591
55595
55596
55597
55602
55603
55610
55619
55625
55629
55637
55660
55669
55672
55674
55675
55677
55688
55694
55699
55703
55716
55721
55724
55725
55742
55745
55746
55750
55753
55756
55760
55765
55766
55767
55772
55774
55778
55780
55784
55800
55801
55802
55805
55824
55827
55830
55831
55839
55843
55844
55855
55861
55869
55883
55887
55896
55901
55903
55911
55922
55926
55928
55929
55932
55934
55935
55945
55951
55958
55962
55963
55967
55972
55988
55990
56000
56001
56007
56011
56016
56019
56021
56024
56026
56029
56032
56036
56042
56045
56051
56055
56063
56072
56082
56085
56088
56102
56105
56108
56110
56111
56115
56137
56138
56152
56153
56156
56173
56175
56180
56189
56196
56207
56208
56214
56221
56229
56230
56231
56243
56245
56257
56260
56264
56270
56271
56277
56278
56284
56286
56287
56295
56298
56301
56305
56307
56309
56312
56321
56327
56328
56336
56342
56344
56350
56358
56359
56367
56374
56377
56392
56401
56403
56413
56418
56422
56423
56426
56439
56443
56453
56459
56460
56465
56466
56467
56480
56482
56484
56485
56488
56489
56490
56495
56496
56498
56499
56505
56511
56519
56522
56523
56525
56526
56531
56535
56536
56540
56543
56545
56548
56560
56565
56576
56581
56584
56587
56592
56598
56603
56608
56614
56619
56623
56624
56634
56636
56637
56643
56656
56663
56668
56676
56687
56698
56702
56718
56721
56725
56729
56732
56738
56742
56746
56753
56755
56762
56787
56793
56796
56797
56802
56818
56820
56822
56834
56846
56847
56848
56849
56851
56856
56859
56863
56868
56869
56873
56880
56881
56883
56901
56904
56905
56907
56910
56913
56915
56926
56927
56929
56931
56932
56947
56949
56950
56953
56955
56958
56962
56964
56965
56968
56976
56981
56982
56984
56997
56998
57002
57005
57007
57030
57037
57038
57043
57051
57054
57057
57069
57073
57074
57087
57088
57102
57109
57114
57118
57126
57127
57129
57132
57144
57152
57153
57158
57162
57171
57173
57178
57181
57184
57192
57195
57201
57202
57209
57213
57220
57229
57230
57236
57245
57255
57261
57272
57278
57280
57285
57290
57291
57292
57295
57298
57305
57309
57314
57316
57322
57325
57327
57329
57331
57336
57341
57344
57355
57358
57359
57370
57372
57374
57375
57377
57378
57384
57393
57394
57401
57406
57410
57415
57417
57419
57427
57430
57434
57439
57444
57451
57462
57463
57467
57468
57470
57491
57492
57501
57507
57519
57525
57539
57545
57546
57547
57556
57557
57559
57560
57562
57563
57574
57577
57583
57585
57586
57589
57592
57602
57605
57614
57620
57632
57635
57641
57642
57643
57651
57654
57656
57657
57658
57664
57666
57667
57672
57673
57678
57686
57689
57703
57712
57725
57726
57728
57734
57744
57745
57751
57756
57768
57771
57784
57788
57797
57798
57802
57807
57809
57810
57814
57815
57817
57826
57829
57830
57832
57833
57842
57848
57849
57850
57854
57862
57866
57868
57869
57870
57873
57875
57877
57878
57880
57884
57886
57888
57894
57897
57902
57903
57917
57923
57924
57925
57931
57932
57937
57939
57948
57949
57951
57958
57960
57964
57965
57966
57982
57987
57999
58000
58003
58010
58011
58016
58019
58020
58024
58031
58032
58046
58052
58054
58061
58085
58094
58110
58112
58122
58129
58138
58140
58148
58149
58154
58158
58159
58160
58162
58164
58170
58174
58176
58180
58193
58194
58202
58204
58209
58213
58217
58225
58227
58228
58229
58231
58234
58235
58244
58247
58251
58258
58262
58273
58277
58285
58288
58296
58312
58325
58328
58329
58334
58339
58340
58353
58364
58366
58370
58377
58383
58385
58387
58388
58390
58407
58411
58412
58415
58420
58427
58433
58435
58439
58453
58455
58457
58458
58465
58468
58482
58484
58491
58499
58501
58503
58506
58514
58519
58521
58522
58530
58532
58544
58545
58553
58559
58561
58562
58569
58577
58578
58580
58587
58596
58599
58608
58609
58611
58620
58621
58623
58624
58625
58628
58635
58636
58641
58642
58643
58650
58660
58669
58672
58676
58679
58684
58689
58696
58698
58712
58719
58722
58724
58729
58730
58737
58739
58744
58747
58749
58750
58754
58761
58765
58767
58777
58788
58789
58793
58800
58807
58821
58836
58848
58851
58853
58855
58861
58866
58874
58879
58880
58881
58890
58891
58892
58896
58899
58900
58901
58923
58935
58951
58955
58959
58965
58976
58988
58999
59001
59003
59005
59007
59012
59013
59016
59022
59031
59034
59035
59036
59037
59040
59044
59045
59049
59051
59054
59055
59057
59058
59061
59065
59071
59072
59074
59082
59097
59100
59101
59102
59107
59109
59114
59115
59119
59120
59122
59124
59125
59128
59131
59134
59137
59146
59148
59149
59151
59155
59158
59166
59175
59176
59180
59182
59184
59186
59191
59193
59213
59216
59218
59222
59234
59237
59238
59239
59242
59246
59252
59265
59267
59268
59273
59274
59279
59282
59290
59293
59303
59306
59308
59316
59321
59331
59332
59336
59344
59350
59355
59357
59360
59363
59365
59366
59370
59371
59372
59375
59376
59380
59384
59386
59403
59413
59415
59417
59419
59431
59434
59441
59447
59450
59454
59456
59458
59470
59471
59480
59486
59487
59493
59494
59499
59511
59513
59514
59517
59534
59538
59545
59549
59552
59556
59562
59563
59573
59576
59580
59583
59593
59595
59607
59610
59612
59618
59620
59621
59623
59625
59651
59656
59657
59659
59661
59668
59669
59670
59671
59672
59673
59675
59678
59680
59681
59688
59691
59699
59700
59702
59706
59719
59726
59731
59732
59741
59751
59753
59756
59758
59759
59761
59768
59772
59774
59780
59781
59782
59791
59793
59799
59800
59804
59816
59829
59838
59841
59848
59855
59857
59874
59877
59881
59882
59886
59887
59893
59897
59905
59906
59925
59927
59935
59942
59943
59947
59959
59962
59967
59970
59986
59992
59993
59994
59999
60018
60021
60029
60035
60036
60044
60046
60047
60051
60057
60072
60080
60083
60084
60085
60087
60089
60095
60102
60103
60104
60107
60123
60128
60130
60134
60135
60136
60139
60145
60146
60153
60154
60161
60162
60163
60168
60174
60175
60176
60177
60178
60181
60193
60200
60201
60205
60210
60212
60214
60215
60223
60224
60226
60232
60235
60238
60243
60248
60249
60250
60260
60261
60266
60267
60269
60270
60281
60287
60295
60305
60307
60308
60309
60311
60314
60317
60321
60323
60329
60336
60339
60348
60357
60358
60368
60376
60391
60392
60394
60401
60404
60405
60406
60407
60409
60410
60411
60419
60420
60425
60428
60445
60451
60457
60466
60473
60481
60487
60488
60519
60524
60525
60527
60531
60538
60539
60545
60547
60549
60555
60557
60562
60570
60574
60594
60595
60606
60607
60613
60618
60626
60628
60637
60638
60640
60643
60646
60647
60649
60662
60666
60668
60671
60674
60676
60677
60681
60689
60693
60696
60700
60706
60709
60715
60721
60722
60727
60730
60735
60736
60751
60758
60764
60765
60769
60771
60775
60776
60784
60786
60789
60797
60802
60810
60815
60817
60824
60830
60833
60839
60841
60842
60850
60859
60860
60871
60873
60878
60879
60880
60893
60896
60898
60907
60908
60909
60910
60916
60921
60928
60936
60938
60946
60948
60955
60963
60965
60967
60970
60971
60981
60984
60991
60994
60997
60999
61001
61004
61009
61011
61019
61033
61034
61040
61041
61042
61045
61049
61057
61068
61070
61072
61080
61081
61082
61086
61100
61102
61108
61116
61126
61129
61132
61143
61145
61146
61153
61154
61156
61159
61162
61167
61178
61179
61182
61184
61186
61187
61188
61196
61201
61202
61210
61217
61221
61223
61226
61232
61246
61247
61252
61254
61267
61275
61276
61284
61287
61292
61305
61306
61311
61315
61323
61332
61346
61362
61365
61367
61372
61378
61379
61381
61383
61386
61392
61393
61397
61398
61399
61404
61405
61418
61421
61422
61423
61426
61432
61433
61436
61442
61446
61453
61455
61461
61465
61474
61482
61486
61492
61494
61498
61507
61508
61509
61521
61529
61530
61539
61545
61558
61572
61586
61595
61597
61600
61603
61624
61636
61637
61639
61643
61646
61650
61652
61655
61662
61665
61670
61673
61676
61682
61687
61690
61691
61693
61695
61706
61709
61714
61715
61726
61734
61735
61737
61750
61751
61754
61770
61773
61775
61777
61781
61783
61789
61805
61806
61810
61813
61816
61817
61820
61825
61827
61830
61836
61844
61853
61855
61858
61865
61868
61872
61880
61881
61882
61886
61894
61900
61902
61907
61919
61921
61922
61942
61946
61949
61952
61963
61975
61983
61984
61993
61994
62001
62007
62013
62014
62019
62028
62036
62047
62048
62055
62057
62063
62065
62066
62067
62070
62077
62078
62079
62086
62090
62091
62093
62097
62099
62109
62119
62124
62130
62131
62136
62137
62141
62155
62158
62160
62165
62167
62175
62176
62177
62189
62191
62193
62197
62200
62201
62202
62206
62219
62226
62231
62236
62240
62254
62258
62260
62264
62272
62280
62285
62287
62291
62299
62301
62302
62305
62309
62318
62327
62334
62335
62336
62337
62338
62341
62344
62349
62351
62352
62358
62359
62364
62369
62371
62389
62397
62406
62408
62409
62418
62420
62421
62425
62427
62430
62434
62435
62436
62438
62449
62452
62455
62456
62471
62474
62475
62481
62489
62492
62497
62501
62503
62507
62509
62512
62513
62521
62533
62534
62537
62545
62546
62548
62549
62550
62552
62559
62562
62563
62564
62565
62577
62584
62585
62586
62587
62588
62592
62595
62598
62610
62619
62624
62628
62632
62635
62640
62642
62649
62657
62663
62667
62670
62680
62681
62684
62687
62689
62692
62695
62709
62710
62715
62729
62738
62739
62747
62755
62758
62759
62764
62768
62772
62776
62779
62786
62788
62789
62791
62792
62794
62802
62809
62814
62816
62827
62829
62837
62844
62856
62857
62868
62881
62887
62893
62898
62901
62906
62921
62923
62929
62930
62934
62937
62940
62949
62959
62967
62971
62977
62978
62981
62982
62991
62993
62994
62997
62998
62999
63009
63016
63018
63019
63022
63024
63025
63045
63060
63066
63070
63083
63085
63086
63091
63099
63100
63101
63110
63114
63117
63121
63123
63124
63127
63134
63137
63141
63150
63169
63171
63175
63190
63192
63195
63202
63208
63212
63215
63217
63219
63222
63227
63228
63229
63245
63247
63249
63252
63258
63262
63264
63265
63268
63274
63282
63283
63286
63288
63300
63306
63312
63319
63322
63326
63333
63343
63348
63350
63351
63354
63356
63358
63363
63376
63387
63398
63400
63403
63415
63418
63421
63425
63427
63432
63434
63436
63440
63445
63448
63452
63463
63464
63466
63469
63472
63479
63498
63502
63503
63506
63512
63522
63524
63527
63529
63531
63532
63533
63534
63539
63542
63543
63549
63552
63553
63554
63557
63566
63567
63568
63571
63576
63579
63583
63591
63600
63608
63612
63614
63617
63621
63625
63628
63638
63647
63651
63652
63654
63658
63662
63663
63670
63673
63675
63677
63686
63687
63689
63690
63696
63699
63700
63708
63709
63713
63714
63720
63721
63722
63725
63729
63732
63735
63738
63745
63755
63756
63759
63760
63762
63769
63770
63772
63779
63784
63797
63808
63816
63822
63831
63832
63837
63841
63844
63847
63852
63858
63865
63866
63871
63873
63877
63878
63882
63884
63889
63898
63901
63903
63904
63906
63911
63912
63923
63929
63931
63932
63936
63940
63950
63951
63952
63955
63962
63967
63973
63980
63986
63987
63990
63995
63998
64004
64013
64020
64022
64039
64040
64042
64045
64049
64056
64058
64060
64070
64078
64079
64088
64093
64096
64097
64100
64102
64106
64107
64112
64116
64125
64131
64133
64144
64149
64170
64172
64174
64184
64193
64197
64201
64202
64207
64214
64215
64220
64229
64245
64247
64249
64251
64256
64259
64266
64275
64278
64280
64288
64300
64310
64314
64315
64321
64334
64341
64343
64345
64347
64356
64362
64370
64371
64376
64380
64382
64383
64389
64391
64399
64411
64417
64419
64432
64433
64448
64449
64455
64459
64462
64463
64466
64474
64481
64484
64489
64495
64499
64504
64505
64514
64525
64526
64530
64539
64546
64547
64551
64555
64560
64561
64563
64566
64573
64577
64581
64583
64585
64591
64593
64597
64598
64603
64606
64607
64611
64620
64625
64630
64632
64637
64647
64649
64650
64654
64657
64659
64667
64670
64673
64678
64679
64681
64687
64691
64694
64701
64703
64708
64709
64730
64740
64745
64758
64759
64763
64765
64770
64779
64784
64788
64802
64809
64810
64812
64816
64817
64831
64832
64834
64837
64838
64841
64861
64865
64872
64873
64883
64884
64901
64909
64922
64923
64925
64929
64931
64939
64941
64944
64966
64967
64968
64970
64980
64988
64996
65003
65014
65017
65018
65020
65033
65039
65045
65052
65054
65055
65060
65063
65064
65065
65069
65074
65075
65092
65093
65096
65099
65103
65117
65119
65131
65132
65141
65143
65144
65145
65146
65154
65157
65158
65169
65171
65173
65174
65175
65180
65182
65186
65193
65195
65210
65211
65215
65216
65219
65221
65222
65224
65231
65237
65251
65259
65265
65291
65292
65299
65302
65303
65304
65310
65312
65313
65324
65330
65332
65334
65336
65339
65345
65349
65354
65372
65375
65383
65387
65389
65392
65396
65400
65406
65407
65411
65421
65423
65430
65438
65454
65457
65459
65462
65464
65465
65466
65467
65485
65492
65494
65505
65508
65513
65531
65538
65547
65551
65555
65557
65563
65569
65571
65575
65576
65578
65582
65583
65594
65599
65604
65605
65608
65609
65610
65611
65612
65613
65614
65618
65620
65623
65624
65630
65636
65640
65643
65645
65660
65673
65677
65683
65685
65686
65706
65708
65709
65710
65712
65715
65720
65728
65741
65744
65757
65762
65764
65773
65779
65782
65788
65789
65794
65799
65801
65803
65808
65819
65820
65821
65830
65836
65841
65843
65846
65847
65854
65861
65869
65882
65887
65890
65895
65897
65899
65901
65912
65924
65927
65928
65934
65940
65941
65951
65953
65955
65957
65959
65964
65965
65970
65977
65993
65994
65995
65999
66006
66009
66012
66025
66026
66031
66036
66038
66046
66047
66049
66063
66065
66077
66079
66083
66097
66100
66107
66110
66115
66129
66136
66156
66158
66171
66172
66173
66176
66180
66184
66196
66197
66209
66211
66212
66213
66214
66220
66223
66225
66226
66227
66228
66231
66239
66245
66252
66254
66266
66275
66276
66278
66283
66284
66287
66288
66292
66293
66296
66298
66303
66306
66319
66324
66333
66335
66336
66337
66340
66343
66345
66352
66356
66357
66360
66361
66364
66365
66368
66369
66370
66373
66375
66381
66388
66390
66391
66394
66400
66413
66414
66428
66432
66435
66436
66438
66441
66444
66446
66447
66449
66452
66459
66466
66467
66470
66483
66490
66491
66496
66497
66502
66504
66506
66508
66509
66511
66514
66517
66522
66523
66524
66530
66534
66538
66540
66542
66546
66549
66552
66554
66555
66565
66566
66572
66577
66580
66584
66585
66587
66588
66591
66592
66594
66608
66609
66613
66617
66626
66631
66632
66633
66640
66647
66648
66663
66672
66688
66698
66704
66710
66711
66715
66716
66719
66723
66725
66726
66727
66735
66736
66751
66752
66753
66755
66758
66762
66766
66775
66779
66789
66791
66792
66796
66800
66801
66804
66805
66806
66819
66825
66836
66840
66841
66842
66848
66849
66858
66862
66866
66867
66868
66879
66883
66890
66893
66894
66896
66898
66900
66907
66914
66916
66917
66918
66925
66930
66936
66946
66947
66957
66958
66963
66965
66970
66975
66976
66979
66981
66982
66998
66999
67009
67010
67024
67025
67030
67031
67035
67038
67042
67047
67050
67051
67057
67065
67067
67079
67087
67088
67092
67094
67099
67105
67114
67116
67127
67134
67138
67139
67140
67142
67145
67147
67149
67156
67162
67165
67169
67174
67180
67186
67191
67200
67204
67213
67223
67228
67231
67233
67238
67244
67250
67257
67261
67264
67267
67274
67276
67279
67280
67281
67286
67288
67293
67297
67300
67302
67303
67307
67315
67319
67323
67336
67342
67347
67351
67362
67363
67367
67371
67378
67383
67386
67389
67393
67396
67397
67400
67401
67406
67410
67411
67420
67429
67430
67433
67437
67438
67440
67449
67451
67460
67461
67465
67467
67468
67470
67476
67502
67515
67516
67519
67523
67532
67539
67540
67547
67559
67562
67563
67565
67569
67571
67574
67581
67587
67590
67594
67601
67603
67605
67606
67611
67617
67628
67632
67633
67638
67640
67642
67645
67658
67661
67664
67665
67668
67670
67676
67682
67684
67691
67695
67710
67711
67713
67716
67717
67721
67722
67724
67725
67727
67728
67729
67732
67740
67744
67748
67749
67759
67769
67774
67777
67784
67785
67788
67789
67790
67794
67795
67803
67807
67809
67811
67813
67815
67818
67819
67823
67827
67832
67841
67852
67853
67860
67870
67872
67873
67884
67886
67888
67893
67899
67900
67901
67902
67906
67909
67910
67911
67918
67922
67927
67932
67933
67936
67941
67942
67946
67950
67959
67962
67965
67994
68001
68003
68014
68022
68026
68048
68049
68058
68067
68073
68074
68078
68079
68081
68085
68088
68097
68103
68106
68110
68116
68118
68138
68140
68141
68144
68145
68146
68154
68159
68162
68167
68169
68175
68182
68185
68191
68192
68198
68200
68202
68207
68215
68222
68227
68234
68235
68242
68250
68254
68256
68257
68261
68262
68269
68272
68274
68276
68277
68279
68284
68287
68288
68294
68295
68297
68304
68309
68311
68312
68315
68316
68322
68329
68332
68333
68346
68351
68355
68360
68363
68366
68372
68374
68376
68389
68411
68412
68423
68426
68432
68438
68447
68448
68451
68456
68457
68460
68468
68469
68470
68474
68479
68483
68484
68485
68488
68490
68495
68499
68502
68504
68509
68513
68527
68528
68530
68539
68546
68553
68556
68559
68560
68568
68570
68575
68593
68596
68601
68610
68614
68616
68620
68621
68624
68627
68629
68632
68633
68650
68653
68656
68658
68659
68660
68664
68669
68670
68671
68682
68685
68686
68687
68688
68691
68694
68699
68701
68702
68703
68718
68722
68723
68732
68736
68750
68757
68768
68772
68777
68780
68783
68790
68798
68801
68802
68803
68809
68810
68811
68813
68817
68832
68837
68841
68842
68847
68850
68852
68853
68854
68856
68857
68874
68876
68880
68884
68894
68899
68900
68901
68902
68903
68907
68908
68914
68915
68924
68926
68932
68935
68938
68950
68951
68955
68956
68959
68960
68966
68967
68974
68976
68979
68980
68985
68996
68998
68999
69002
69005
69007
69011
69015
69018
69020
69041
69042
69043
69046
69053
69065
69067
69068
69071
69077
69079
69088
69091
69094
69099
69101
69104
69115
69119
69125
69136
69144
69148
69152
69160
69163
69166
69172
69174
69179
69184
69185
69191
69195
69202
69206
69209
69211
69212
69214
69216
69217
69219
69223
69226
69234
69238
69241
69242
69243
69248
69249
69254
69260
69261
69263
69268
69278
69279
69281
69283
69285
69287
69294
69296
69307
69310
69313
69315
69316
69321
69324
69335
69341
69343
69358
69362
69363
69365
69369
69376
69377
69379
69381
69386
69391
69393
69406
69410
69413
69414
69418
69424
69426
69435
69447
69450
69452
69462
69464
69465
69470
69479
69485
69487
69489
69499
69511
69512
69515
69516
69518
69522
69524
69525
69527
69531
69534
69535
69538
69540
69548
69551
69555
69559
69565
69566
69567
69582
69583
69586
69588
69597
69598
69599
69607
69610
69612
69623
69626
69630
69638
69639
69652
69660
69661
69667
69673
69676
69677
69679
69682
69683
69687
69694
69695
69700
69714
69715
69745
69747
69752
69753
69754
69756
69760
69771
69776
69782
69787
69788
69790
69798
69808
69810
69817
69818
69823
69828
69844
69847
69853
69870
69875
69881
69895
69896
69902
69908
69911
69912
69916
69922
69924
69928
69932
69936
69942
69945
69966
69967
69969
69980
69981
69987
69990
69991
69992
69995
70003
70004
70010
70011
70019
70027
70028
70034
70039
70040
70046
70051
70052
70055
70060
70062
70068
70077
70079
70082
70083
70091
70099
70104
70117
70121
70133
70138
70140
70143
70147
70155
70158
70164
70167
70170
70182
70183
70185
70186
70188
70192
70193
70194
70200
70203
70207
70220
70222
70228
70230
70236
70243
70244
70247
70249
70250
70253
70262
70273
70274
70277
70284
70301
70303
70318
70322
70327
70335
70336
70345
70347
70348
70350
70352
70363
70364
70368
70370
70381
70384
70385
70393
70397
70409
70414
70418
70419
70423
70429
70431
70432
70435
70437
70442
70463
70482
70488
70491
70492
70493
70496
70498
70499
70513
70520
70522
70524
70537
70538
70546
70548
70552
70554
70557
70561
70565
70566
70567
70570
70571
70576
70581
70584
70588
70590
70591
70592
70595
70598
70601
70604
70606
70610
70614
70619
70620
70624
70630
70632
70646
70662
70663
70664
70669
70674
70677
70680
70689
70691
70692
70701
70706
70714
70718
70728
70731
70732
70734
70739
70740
70751
70753
70754
70759
70776
70777
70785
70792
70794
70804
70807
70810
70811
70813
70816
70822
70830
70831
70832
70839
70841
70843
70845
70847
70851
70859
70860
70862
70875
70876
70882
70886
70890
70891
70912
70913
70916
70922
70924
70927
70929
70934
70935
70941
70943
70945
70951
70954
70971
70974
70975
70977
70984
70989
70991
70994
70996
70999
71000
71001
71003
71004
71007
71009
71018
71022
71031
71039
71050
71057
71060
71071
71075
71077
71084
71090
71105
71114
71117
71127
71134
71135
71138
71139
71142
71144
71145
71146
71152
71153
71154
71156
71159
71163
71169
71172
71174
71176
71178
71186
71188
71200
71209
71214
71217
71222
71226
71231
71236
71252
71263
71265
71274
71275
71278
71281
71282
71286
71287
71290
71292
71298
71304
71306
71312
71318
71321
71326
71328
71329
71337
71338
71352
71354
71361
71364
71368
71370
71374
71377
71388
71391
71396
71403
71404
71405
71409
71412
71413
71417
71419
71422
71423
71430
71431
71441
71446
71448
71451
71472
71473
71474
71478
71487
71488
71493
71495
71499
71505
71508
71518
71519
71521
71523
71524
71525
71538
71543
71553
71566
71569
71579
71581
71583
71592
71593
71596
71601
71604
71610
71613
71616
71620
71623
71624
71628
71636
71637
71646
71647
71649
71653
71654
71659
71660
71661
71667
71672
71674
71676
71688
71689
71697
71710
71713
71716
71717
71719
71729
71731
71734
71735
71741
71748
71750
71751
71755
71766
71767
71771
71773
71777
71778
71779
71781
71782
71783
71789
71793
71798
71799
71800
71805
71809
71810
71817
71822
71834
71835
71836
71840
71843
71848
71853
71864
71869
71873
71875
71876
71880
71882
71884
71888
71891
71893
71896
71897
71899
71902
71905
71907
71908
71916
71928
71931
71946
71949
71951
71952
71954
71959
71964
71966
71967
71971
71980
71984
71988
71989
71995
71997
72007
72008
72013
72015
72022
72024
72025
72027
72031
72037
72040
72048
72051
72052
72057
72059
72060
72064
72070
72077
72085
72095
72101
72105
72115
72118
72123
72126
72137
72143
72154
72155
72157
72195
72200
72205
72210
72220
72222
72225
72229
72234
72238
72239
72249
72250
72251
72256
72266
72270
72271
72291
72295
72301
72315
72332
72343
72344
72346
72352
72360
72362
72363
72365
72366
72368
72372
72377
72392
72393
72394
72395
72398
72399
72400
72401
72402
72405
72423
72431
72432
72436
72439
72444
72446
72448
72453
72454
72457
72458
72463
72470
72472
72478
72483
72495
72496
72510
72519
72520
72533
72536
72554
72556
72557
72573
72575
72577
72579
72581
72582
72583
72584
72585
72586
72587
72593
72600
72602
72606
72619
72630
72636
72638
72644
72652
72661
72665
72674
72675
72689
72690
72696
72698
72700
72704
72708
72715
72728
72737
72740
72741
72745
72748
72754
72755
72764
72765
72773
72775
72776
72777
72780
72786
72790
72795
72814
72825
72828
72830
72844
72845
72846
72854
72856
72857
72868
72871
72874
72876
72887
72897
72900
72902
72904
72908
72920
72927
72938
72939
72943
72950
72952
72957
72960
72961
72963
72966
72967
72971
72973
72974
72975
72976
72977
72978
72986
72987
72989
73000
73002
73009
73023
73026
73027
73030
73038
73039
73040
73055
73058
73059
73064
73065
73066
73069
73074
73080
73083
73085
73099
73104
73106
73109
73110
73111
73117
73130
73137
73144
73146
73159
73169
73179
73180
73184
73193
73195
73198
73201
73207
73208
73213
73217
73218
73225
73237
73239
73240
73242
73247
73250
73262
73263
73273
73279
73287
73292
73293
73301
73302
73307
73312
73313
73318
73323
73324
73334
73337
73342
73351
73356
73357
73374
73379
73384
73385
73386
73401
73411
73430
73437
73440
73445
73446
73449
73458
73462
73470
73471
73478
73483
73497
73498
73504
73507
73509
73511
73512
73522
73523
73546
73547
73556
73558
73563
73564
73565
73569
73572
73578
73580
73583
73590
73593
73600
73611
73614
73616
73618
73622
73648
73649
73659
73662
73671
73673
73682
73687
73688
73691
73693
73697
73700
73705
73707
73714
73722
73723
73724
73730
73731
73736
73744
73747
73749
73750
73751
73753
73754
73760
73761
73762
73763
73764
73766
73777
73781
73803
73814
73815
73824
73825
73826
73829
73832
73837
73842
73847
73849
73852
73854
73860
73864
73867
73868
73870
73871
73881
73887
73893
73895
73897
73904
73908
73916
73920
73922
73923
73924
73926
73928
73939
73940
73941
73943
73949
73956
73959
73965
73975
73981
73985
73990
73993
74008
74013
74025
74026
74031
74034
74037
74038
74047
74054
74055
74056
74057
74060
74061
74064
74072
74075
74076
74080
74083
74086
74087
74088
74089
74092
74093
74100
74110
74119
74125
74127
74134
74135
74143
74144
74145
74146
74151
74155
74160
74165
74169
74181
74182
74184
74191
74197
74199
74201
74207
74210
74220
74224
74227
74229
74235
74241
74242
74244
74250
74251
74252
74257
74258
74266
74275
74279
74280
74283
74289
74291
74295
74296
74299
74300
74310
74311
74312
74321
74327
74334
74353
74355
74357
74361
74363
74381
74384
74389
74398
74400
74411
74413
74417
74424
74428
74429
74431
74432
74434
74439
74443
74444
74450
74456
74461
74468
74474
74479
74487
74490
74501
74502
74509
74516
74518
74523
74525
74529
74535
74538
74541
74548
74561
74568
74570
74574
74575
74577
74581
74591
74593
74598
74601
74604
74605
74610
74613
74614
74619
74622
74623
74632
74643
74654
74656
74662
74663
74673
74677
74694
74699
74710
74717
74718
74719
74723
74724
74727
74738
74739
74742
74745
74755
74757
74759
74762
74764
74778
74779
74784
74789
74799
74804
74807
74809
74817
74820
74823
74828
74834
74839
74844
74851
74855
74857
74863
74866
74872
74873
74883
74887
74897
74898
74907
74910
74915
74916
74920
74925
74931
74935
74944
74950
74969
74970
74971
74977
74987
74990
74991
74993
74994
74998
75001
75004
75007
75009
75021
75024
75026
75028
75031
75032
75033
75034
75035
75040
75042
75045
75054
75056
75059
75062
75063
75066
75074
75076
75083
75089
75091
75096
75100
75101
75107
75111
75115
75117
75120
75121
75127
75128
75135
75138
75147
75148
75150
75165
75172
75176
75180
75185
75186
75196
75197
75200
75202
75207
75211
75220
75223
75228
75234
75235
75240
75241
75252
75264
75265
75274
75276
75279
75292
75296
75301
75302
75314
75316
75317
75318
75329
75330
75333
75334
75338
75346
75352
75353
75356
75358
75361
75378
75381
75384
75387
75390
75394
75398
75408
75410
75415
75421
75431
75441
75446
75465
75467
75470
75472
75476
75479
75483
75484
75492
75494
75497
75498
75499
75500
75509
75510
75511
75518
75521
75525
75533
75534
75535
75539
75542
75548
75549
75552
75559
75562
75563
75567
75568
75569
75575
75579
75583
75613
75617
75619
75626
75643
75650
75651
75655
75660
75663
75668
75671
75676
75685
75686
75687
75688
75689
75692
75697
75698
75699
75705
75710
75725
75727
75728
75730
75731
75744
75747
75752
75755
75761
75762
75765
75768
75773
75774
75778
75780
75788
75790
75796
75800
75809
75817
75820
75832
75835
75847
75853
75854
75860
75873
75874
75876
75888
75889
75894
75896
75903
75908
75911
75922
75936
75938
75941
75942
75944
75945
75946
75947
75953
75956
75958
75961
75968
75976
75985
75987
75988
75995
75996
75998
76000
76002
76005
76015
76017
76022
76030
76032
76034
76036
76039
76041
76042
76045
76047
76048
76059
76063
76068
76070
76074
76077
76089
76090
76091
76093
76102
76112
76124
76130
76135
76138
76140
76143
76152
76158
76160
76168
76171
76177
76183
76186
76191
76198
76203
76206
76208
76217
76218
76225
76230
76231
76233
76234
76237
76239
76244
76245
76255
76256
76258
76260
76261
76266
76272
76274
76277
76282
76284
76285
76290
76296
76299
76301
76303
76307
76308
76312
76318
76325
76328
76329
76334
76339
76347
76348
76356
76360
76363
76368
76372
76385
76386
76390
76391
76402
76411
76414
76415
76417
76418
76419
76421
76426
76432
76435
76444
76447
76451
76456
76457
76459
76465
76469
76473
76481
76483
76486
76491
76492
76497
76504
76506
76515
76519
76522
76525
76526
76528
76530
76546
76547
76553
76555
76556
76562
76569
76574
76581
76583
76584
76585
76591
76596
76598
76602
76603
76610
76616
76620
76626
76629
76631
76633
76635
76636
76637
76638
76639
76643
76646
76648
76662
76669
76671
76673
76675
76678
76680
76682
76686
76693
76707
76710
76715
76716
76720
76734
76737
76738
76741
76746
76747
76762
76764
76774
76777
76779
76789
76792
76797
76806
76807
76813
76814
76815
76816
76817
76818
76823
76831
76836
76848
76854
76855
76858
76862
76872
76874
76875
76883
76888
76894
76895
76898
76907
76913
76914
76918
76929
76931
76940
76943
76946
76951
76952
76959
76962
76965
76969
76972
76973
76976
76977
76979
76982
76989
76997
77005
77009
77015
77029
77033
77034
77036
77039
77044
77051
77064
77068
77072
77074
77090
77093
77095
77100
77110
77113
77114
77121
77122
77136
77138
77141
77145
77146
77147
77148
77153
77156
77160
77163
77169
77172
77179
77184
77188
77189
77193
77200
77201
77204
77207
77217
77224
77236
77241
77242
77243
77245
77252
77257
77263
77271
77280
77283
77284
77292
77294
77299
77307
77309
77315
77322
77326
77335
77342
77345
77357
77365
77367
77368
77369
77370
77373
77376
77377
77378
77380
77387
77388
77390
77394
77395
77399
77400
77401
77403
77405
77406
77418
77419
77421
77424
77429
77431
77436
77437
77438
77448
77450
77459
77464
77469
77476
77479
77494
77500
77504
77507
77511
77512
77516
77519
77523
77534
77535
77542
77547
77548
77553
77556
77558
77559
77564
77567
77571
77579
77584
77590
77593
77594
77601
77614
77617
77627
77630
77647
77651
77672
77675
77679
77697
77706
77711
77717
77722
77724
77728
77730
77732
77734
77735
77736
77737
77742
77744
77749
77750
77761
77764
77767
77775
77787
77790
77792
77793
77808
77809
77810
77811
77813
77819
77821
77822
77826
77828
77829
77835
77842
77843
77848
77859
77868
77872
77881
77883
77892
77897
77899
77903
77904
77908
77917
77921
77926
77930
77941
77942
77944
77957
77960
77963
77969
77970
77973
77977
77982
77988
77990
77991
77993
77998
78001
78009
78010
78015
78017
78028
78030
78033
78034
78041
78042
78050
78051
78052
78062
78064
78065
78071
78074
78081
78083
78088
78093
78094
78096
78110
78119
78122
78129
78132
78134
78135
78136
78137
78140
78142
78144
78152
78158
78161
78162
78164
78166
78168
78169
78173
78175
78187
78189
78191
78197
78200
78202
78204
78206
78210
78212
78214
78216
78219
78223
78227
78232
78237
78241
78243
78244
78247
78250
78251
78255
78261
78267
78269
78270
78272
78277
78286
78290
78293
78294
78295
78299
78302
78309
78316
78317
78322
78323
78327
78330
78345
78362
78363
78367
78371
78382
78384
78385
78386
78387
78388
78389
78390
78397
78407
78409
78415
78421
78424
78427
78429
78431
78432
78433
78444
78449
78453
78460
78463
78465
78481
78486
78499
78504
78509
78510
78511
78513
78519
78524
78545
78551
78553
78573
78574
78577
78579
78584
78587
78594
78596
78598
78600
78602
78604
78611
78627
78628
78630
78640
78647
78652
78657
78659
78675
78678
78679
78681
78683
78687
78688
78689
78693
78694
78695
78704
78707
78711
78716
78720
78730
78732
78736
78737
78738
78742
78744
78753
78755
78767
78776
78778
78779
78780
78786
78788
78796
78810
78812
78814
78816
78827
78830
78832
78835
78837
78843
78846
78848
78849
78868
78870
78873
78876
78879
78883
78892
78893
78894
78897
78923
78926
78930
78936
78937
78939
78945
78950
78955
78956
78957
78961
78963
78969
78970
78979
78999
79009
79014
79015
79020
79021
79022
79024
79029
79033
79035
79061
79063
79072
79073
79077
79084
79089
79091
79095
79097
79099
79100
79113
79120
79122
79124
79127
79129
79130
79139
79141
79146
79152
79155
79156
79160
79179
79188
79194
79195
79198
79199
79201
79202
79217
79226
79233
79241
79246
79251
79260
79265
79269
79270
79271
79279
79280
79286
79287
79300
79304
79306
79314
79315
79319
79327
79330
79339
79342
79345
79346
79348
79352
79354
79355
79356
79363
79365
79367
79373
79375
79384
79389
79392
79399
79404
79408
79410
79415
79421
79430
79431
79432
79449
79460
79462
79478
79479
79485
79488
79491
79506
79509
79511
79516
79523
79525
79531
79536
79538
79540
79545
79547
79559
79563
79570
79572
79574
79578
79580
79583
79586
79587
79603
79606
79608
79609
79612
79615
79618
79622
79623
79624
79629
79632
79638
79646
79652
79669
79670
79677
79678
79682
79685
79686
79701
79704
79709
79711
79713
79725
79729
79732
79737
79738
79744
79747
79750
79761
79764
79777
79781
79785
79789
79793
79801
79809
79815
79822
79823
79827
79838
79840
79841
79847
79859
79862
79865
79882
79888
79893
79898
79899
79902
79903
79904
79920
79921
79925
79928
79929
79931
79939
79940
79942
79949
79963
79968
79975
79977
79982
79986
79994
79996
79997
79998
80000
80003
80005
80007
80013
80014
80017
80032
80036
80044
80047
80048
80049
80051
80053
80057
80061
80063
80064
80067
80073
80078
80082
80083
80087
80090
80102
80105
80111
80136
80137
80145
80147
80154
80155
80160
80166
80176
80186
80187
80193
80195
80197
80198
80202
80203
80208
80214
80217
80218
80220
80228
80229
80233
80235
80242
80244
80250
80251
80252
80263
80273
80281
80282
80293
80299
80302
80309
80323
80324
80328
80333
80335
80344
80351
80352
80353
80354
80356
80361
80367
80368
80373
80375
80378
80381
80386
80388
80397
80398
80400
80408
80416
80419
80425
80427
80429
80434
80437
80445
80446
80448
80450
80451
80455
80459
80461
80470
80471
80474
80478
80481
80488
80491
80495
80502
80517
80526
80531
80539
80541
80547
80549
80550
80553
80576
80581
80582
80585
80595
80603
80605
80613
80614
80620
80630
80633
80642
80644
80646
80652
80665
80669
80670
80673
80689
80695
80696
80699
80700
80703
80709
80710
80722
80727
80738
80746
80747
80753
80755
80757
80758
80759
80768
80770
80774
80778
80779
80783
80784
80789
80800
80801
80806
80810
80815
80819
80820
80823
80834
80835
80852
80853
80856
80865
80869
80873
80876
80884
80888
80889
80895
80896
80900
80902
80912
80913
80919
80927
80930
80931
80932
80934
80957
80961
80963
80964
80967
80971
80975
80980
80982
80987
81001
81002
81003
81006
81007
81008
81018
81019
81024
81027
81029
81030
81031
81034
81039
81044
81051
81061
81074
81085
81087
81090
81092
81101
81105
81107
81110
81114
81117
81120
81121
81130
81131
81133
81134
81135
81142
81145
81153
81170
81174
81184
81186
81190
81192
81198
81201
81204
81211
81214
81215
81221
81227
81233
81234
81237
81239
81242
81243
81244
81245
81246
81253
81255
81263
81270
81271
81272
81280
81282
81287
81292
81296
81326
81345
81350
81353
81355
81361
81368
81371
81377
81392
81396
81400
81401
81403
81406
81409
81416
81422
81423
81424
81431
81433
81438
81439
81448
81451
81454
81461
81465
81466
81469
81472
81481
81491
81492
81495
81500
81511
81512
81514
81515
81530
81535
81536
81540
81544
81557
81559
81568
81573
81583
81585
81586
81598
81601
81608
81610
81620
81621
81631
81648
81654
81658
81659
81660
81666
81673
81676
81678
81681
81688
81698
81703
81719
81720
81721
81726
81731
81735
81736
81739
81741
81747
81753
81760
81766
81775
81780
81781
81785
81789
81793
81798
81804
81805
81810
81812
81813
81819
81820
81821
81824
81827
81829
81831
81838
81845
81849
81855
81857
81863
81865
81869
81870
81878
81888
81892
81895
81897
81922
81925
81930
81931
81937
81957
81958
81959
81964
81967
81968
81970
81971
81976
81985
81986
81987
81989
81994
81997
82001
82008
82013
82014
82015
82024
82035
82037
82041
82046
82050
82060
82069
82071
82073
82076
82077
82078
82083
82084
82086
82097
82098
82100
82106
82112
82116
82117
82119
82123
82124
82133
82143
82152
82165
82176
82181
82184
82202
82203
82208
82220
82222
82224
82228
82236
82238
82244
82262
82263
82264
82265
82270
82271
82276
82278
82279
82288
82291
82292
82295
82298
82300
82309
82312
82313
82316
82321
82322
82334
82336
82337
82338
82339
82344
82348
82352
82362
82370
82379
82380
82386
82387
82390
82392
82394
82397
82399
82405
82407
82408
82416
82418
82423
82424
82426
82427
82437
82443
82448
82457
82458
82464
82468
82473
82476
82482
82487
82488
82489
82492
82494
82495
82498
82499
82522
82525
82531
82543
82550
82551
82554
82572
82573
82580
82586
82591
82592
82600
82603
82605
82606
82609
82610
82615
82616
82620
82622
82625
82626
82627
82636
82638
82639
82640
82651
82653
82658
82662
82665
82666
82670
82680
82687
82689
82701
82704
82706
82709
82710
82711
82716
82717
82719
82732
82735
82737
82743
82745
82747
82751
82755
82759
82761
82766
82767
82768
82771
82785
82796
82806
82808
82813
82815
82816
82822
82825
82828
82833
82835
82837
82847
82848
82853
82865
82870
82874
82877
82881
82883
82897
82901
82905
82908
82914
82925
82929
82933
82942
82945
82946
82948
82963
82965
82971
82982
82988
82991
82992
82999
83000
83003
83006
83009
83025
83033
83035
83051
83053
83060
83061
83062
83078
83089
83099
83108
83111
83114
83125
83129
83141
83167
83174
83175
83176
83177
83181
83182
83191
83217
83223
83230
83231
83235
83245
83247
83253
83255
83256
83259
83260
83261
83264
83278
83281
83285
83286
83289
83290
83295
83304
83312
83322
83323
83330
83335
83337
83341
83343
83352
83357
83358
83362
83371
83372
83373
83376
83387
83388
83391
83397
83399
83404
83415
83428
83429
83434
83436
83438
83440
83441
83442
83443
83448
83463
83469
83472
83476
83480
83488
83507
83509
83523
83528
83533
83544
83545
83550
83556
83560
83565
83567
83568
83570
83572
83574
83579
83583
83584
83590
83591
83592
83597
83602
83607
83608
83609
83611
83628
83631
83634
83642
83646
83647
83651
83653
83657
83663
83664
83669
83670
83672
83674
83675
83677
83679
83684
83690
83699
83707
83708
83713
83715
83718
83723
83732
83734
83739
83746
83750
83751
83755
83756
83763
83781
83787
83799
83805
83807
83809
83810
83811
83815
83819
83821
83822
83824
83826
83827
83834
83842
83857
83858
83861
83871
83873
83877
83878
83893
83902
83906
83911
83912
83916
83918
83920
83930
83931
83933
83938
83943
83945
83949
83954
83955
83960
83962
83965
83980
83981
83983
83987
83989
83993
84001
84002
84004
84017
84021
84023
84027
84058
84059
84061
84067
84069
84070
84073
84078
84081
84082
84089
84091
84100
84109
84114
84123
84124
84125
84137
84140
84141
84144
84152
84154
84156
84158
84162
84163
84165
84172
84178
84179
84180
84184
84191
84201
84202
84204
84207
84211
84215
84224
84226
84227
84229
84232
84239
84241
84246
84250
84257
84260
84261
84264
84265
84273
84298
84304
84305
84308
84309
84312
84314
84316
84329
84332
84334
84338
84341
84358
84362
84363
84364
84377
84378
84386
84387
84389
84401
84408
84414
84418
84421
84424
84426
84429
84435
84439
84444
84448
84454
84456
84457
84463
84464
84466
84472
84480
84483
84503
84507
84510
84517
84533
84535
84540
84542
84543
84545
84547
84554
84561
84564
84573
84580
84592
84593
84599
84601
84602
84608
84609
84610
84614
84630
84650
84657
84658
84660
84666
84671
84678
84685
84693
84703
84706
84709
84712
84717
84720
84722
84723
84732
84734
84739
84742
84743
84744
84746
84749
84752
84753
84756
84757
84774
84779
84785
84787
84791
84792
84794
84797
84802
84806
84810
84818
84819
84824
84832
84840
84847
84851
84852
84856
84859
84860
84864
84865
84873
84874
84882
84886
84891
84901
84905
84906
84912
84919
84920
84922
84926
84945
84946
84952
84957
84966
84968
84977
84981
84986
84987
84991
84992
84996
84998
84999
85003
85005
85006
85007
85008
85014
85016
85037
85044
85045
85046
85051
85056
85057
85058
85062
85064
85067
85070
85076
85080
85085
85089
85092
85097
85098
85101
85106
85107
85112
85117
85118
85121
85126
85127
85130
85134
85135
85148
85157
85159
85169
85176
85179
85180
85184
85185
85192
85197
85200
85202
85203
85205
85206
85216
85218
85227
85229
85232
85240
85241
85243
85245
85248
85250
85253
85254
85256
85258
85264
85266
85267
85269
85272
85275
85278
85281
85287
85303
85305
85306
85314
85324
85325
85330
85331
85332
85336
85337
85340
85349
85358
85360
85366
85368
85382
85384
85386
85400
85414
85423
85432
85437
85438
85442
85444
85449
85453
85457
85458
85460
85461
85470
85480
85482
85485
85502
85504
85505
85507
85515
85530
85539
85542
85545
85549
85553
85556
85557
85560
85561
85567
85569
85572
85573
85575
85586
85587
85590
85592
85594
85603
85605
85610
85613
85624
85625
85627
85628
85640
85642
85664
85666
85669
85671
85672
85677
85679
85682
85686
85691
85695
85698
85703
85712
85713
85723
85725
85733
85735
85741
85742
85754
85755
85759
85761
85766
85791
85797
85798
85803
85819
85826
85831
85840
85842
85845
85851
85852
85855
85858
85860
85863
85868
85871
85876
85881
85882
85884
85885
85888
85889
85902
85903
85904
85905
85906
85911
85912
85919
85931
85934
85944
85946
85951
85955
85961
85971
85972
85973
85978
85982
85989
85990
85993
85996
86007
86011
86016
86017
86019
86020
86024
86025
86034
86038
86041
86043
86050
86051
86054
86061
86077
86078
86086
86087
86090
86092
86101
86105
86106
86107
86109
86110
86111
86114
86115
86116
86117
86127
86129
86131
86143
86150
86151
86156
86160
86164
86169
86170
86173
86181
86186
86189
86193
86194
86196
86200
86206
86233
86239
86242
86246
86251
86259
86262
86263
86267
86279
86280
86293
86294
86295
86298
86300
86301
86302
86304
86309
86313
86324
86325
86330
86339
86340
86342
86350
86354
86355
86359
86360
86365
86367
86372
86375
86377
86378
86383
86387
86393
86399
86400
86403
86405
86409
86413
86423
86426
86428
86441
86442
86447
86448
86452
86457
86468
86471
86474
86475
86480
86482
86483
86484
86488
86490
86493
86510
86512
86514
86516
86523
86524
86528
86530
86531
86537
86538
86539
86542
86550
86555
86557
86561
86576
86589
86590
86593
86594
86598
86602
86603
86608
86609
86610
86613
86616
86624
86629
86630
86637
86649
86655
86658
86659
86662
86666
86667
86669
86673
86676
86681
86688
86691
86694
86697
86699
86707
86708
86710
86714
86716
86718
86720
86725
86732
86742
86743
86746
86747
86748
86757
86770
86775
86777
86778
86786
86795
86796
86797
86807
86814
86822
86831
86833
86842
86844
86850
86852
86853
86859
86866
86875
86880
86883
86886
86893
86899
86906
86910
86911
86913
86924
86926
86928
86931
86934
86935
86943
86949
86961
86966
86968
86972
86985
86986
86987
86991
86994
87000
87002
87014
87017
87034
87035
87045
87049
87050
87052
87065
87070
87077
87079
87083
87095
87098
87099
87101
87107
87114
87119
87126
87127
87129
87137
87138
87147
87149
87156
87163
87169
87171
87181
87183
87193
87195
87196
87198
87200
87202
87217
87220
87223
87228
87235
87236
87242
87249
87253
87256
87270
87272
87280
87286
87290
87292
87299
87300
87302
87304
87307
87310
87318
87326
87330
87331
87334
87336
87340
87355
87364
87367
87378
87380
87381
87383
87394
87406
87413
87414
87418
87422
87436
87440
87444
87446
87447
87456
87457
87458
87459
87462
87467
87476
87480
87481
87484
87485
87486
87489
87490
87501
87503
87507
87509
87511
87520
87524
87528
87535
87538
87540
87548
87555
87556
87563
87573
87581
87588
87591
87594
87595
87596
87599
87600
87608
87616
87623
87633
87638
87641
87642
87647
87648
87654
87659
87660
87663
87667
87670
87672
87673
87681
87683
87688
87695
87697
87717
87728
87729
87730
87744
87745
87750
87751
87755
87757
87767
87768
87769
87771
87780
87781
87789
87792
87796
87797
87798
87800
87805
87820
87827
87830
87838
87844
87847
87852
87854
87856
87874
87876
87877
87878
87885
87889
87891
87897
87898
87899
87910
87914
87925
87928
87929
87930
87931
87935
87950
87958
87966
87975
87976
87977
87980
87988
87990
87992
88001
88003
88005
88007
88018
88022
88023
88026
88033
88035
88040
88045
88052
88061
88063
88070
88073
88075
88078
88080
88083
88086
88093
88103
88104
88106
88118
88119
88124
88126
88131
88133
88137
88139
88152
88154
88163
88171
88173
88174
88178
88180
88181
88182
88184
88185
88188
88193
88198
88199
88225
88229
88238
88254
88260
88262
88263
88275
88278
88280
88282
88286
88294
88299
88305
88321
88328
88334
88336
88344
88349
88350
88363
88368
88369
88370
88371
88380
88384
88390
88398
88399
88402
88405
88418
88422
88432
88440
88442
88447
88450
88451
88452
88453
88454
88467
88471
88477
88478
88480
88483
88486
88491
88499
88500
88503
88505
88506
88511
88520
88524
88527
88529
88531
88533
88547
88551
88552
88553
88560
88566
88573
88578
88582
88584
88586
88593
88597
88599
88604
88610
88611
88612
88619
88621
88622
88628
88633
88638
88640
88641
88643
88657
88661
88662
88667
88673
88678
88684
88699
88703
88709
88712
88715
88719
88721
88723
88724
88728
88739
88741
88744
88750
88755
88756
88759
88763
88767
88769
88779
88793
88800
88805
88808
88810
88816
88818
88819
88833
88845
88847
88855
88857
88858
88861
88864
88867
88871
88880
88883
88884
88886
88888
88890
88894
88895
88896
88902
88906
88909
88910
88924
88925
88926
88930
88934
88937
88941
88943
88948
88955
88960
88965
88968
88979
88980
88981
88987
88988
88989
88991
88996
89009
89010
89014
89020
89023
89024
89027
89033
89035
89039
89040
89044
89047
89056
89057
89060
89067
89072
89074
89075
89078
89090
89091
89095
89096
89099
89103
89112
89113
89114
89121
89123
89130
89137
89146
89151
89154
89156
89159
89161
89162
89170
89172
89175
89177
89187
89194
89204
89207
89218
89221
89223
89226
89229
89235
89237
89238
89245
89251
89257
89259
89262
89265
89266
89273
89292
89311
89312
89318
89330
89339
89354
89355
89359
89360
89376
89388
89394
89401
89403
89404
89408
89410
89414
89415
89417
89425
89426
89432
89433
89448
89453
89454
89460
89462
89467
89468
89471
89490
89493
89496
89498
89519
89521
89524
89525
89527
89536
89538
89541
89543
89547
89554
89555
89556
89559
89565
89578
89581
89586
89588
89590
89591
89594
89598
89601
89617
89619
89636
89641
89648
89650
89651
89654
89656
89657
89658
89659
89664
89671
89673
89682
89683
89690
89691
89694
89698
89701
89703
89710
89715
89716
89717
89720
89724
89727
89735
89738
89744
89747
89750
89751
89755
89756
89759
89760
89768
89772
89789
89794
89797
89800
89802
89804
89805
89808
89809
89812
89813
89814
89816
89817
89829
89831
89836
89844
89848
89851
89858
89863
89867
89868
89872
89874
89875
89878
89879
89881
89886
89903
89907
89909
89910
89912
89918
89921
89924
89925
89927
89948
89951
89956
89958
89965
89970
89974
89977
89979
89983
89993
90002
90004
90007
90010
90011
90014
90020
90025
90026
90032
90040
90045
90047
90048
90054
90064
90065
90071
90085
90092
90093
90095
90103
90104
90107
90110
90112
90119
90128
90134
90139
90146
90148
90151
90169
90176
90178
90196
90199
90201
90203
90208
90211
90212
90213
90214
90224
90225
90231
90233
90234
90248
90252
90256
90259
90265
90267
90268
90278
90283
90286
90288
90292
90293
90312
90314
90315
90330
90331
90336
90341
90342
90346
90354
90366
90372
90373
90376
90378
90379
90382
90384
90385
90388
90389
90391
90396
90398
90402
90405
90406
90408
90414
90415
90420
90423
90424
90426
90428
90429
90432
90435
90453
90464
90468
90469
90495
90498
90502
90507
90513
90517
90518
90534
90535
90579
90581
90583
90592
90596
90603
90609
90610
90611
90620
90627
90633
90635
90638
90639
90640
90641
90643
90647
90648
90649
90650
90653
90654
90662
90672
90676
90708
90714
90716
90727
90729
90733
90734
90735
90738
90747
90751
90757
90758
90763
90765
90767
90770
90775
90781
90782
90789
90799
90810
90811
90813
90817
90819
90821
90823
90826
90829
90830
90840
90848
90852
90860
90862
90864
90866
90873
90877
90893
90895
90900
90903
90904
90907
90908
90912
90915
90916
90918
90931
90935
90939
90943
90950
90955
90957
90963
90965
90968
90976
90977
90986
90989
90994
90996
90997
91006
91007
91008
91010
91014
91016
91023
91025
91026
91039
91050
91062
91074
91082
91085
91087
91097
91099
91106
91118
91120
91123
91127
91131
91138
91142
91147
91156
91160
91164
91167
91170
91171
91177
91181
91182
91190
91192
91193
91195
91201
91202
91207
91208
91213
91221
91226
91229
91250
91253
91265
91268
91281
91290
91291
91294
91301
91304
91307
91311
91312
91332
91339
91341
91344
91347
91351
91362
91367
91370
91378
91384
91392
91399
91401
91405
91406
91409
91413
91424
91429
91431
91432
91435
91436
91438
91440
91441
91442
91446
91447
91458
91461
91483
91486
91491
91492
91493
91504
91506
91515
91516
91527
91536
91540
91549
91557
91558
91561
91577
91581
91589
91590
91595
91597
91598
91604
91614
91620
91621
91635
91637
91645
91653
91666
91672
91679
91681
91683
91685
91691
91694
91698
91714
91715
91717
91721
91723
91726
91731
91734
91747
91751
91753
91756
91758
91764
91770
91771
91772
91773
91774
91776
91778
91783
91784
91787
91788
91791
91792
91799
91800
91801
91802
91807
91812
91813
91828
91829
91832
91834
91840
91849
91852
91855
91859
91861
91875
91881
91883
91886
91889
91895
91914
91918
91920
91923
91938
91943
91945
91946
91948
91961
91965
91972
91974
91980
91982
91987
91988
91993
91996
92003
92012
92018
92020
92023
92024
92025
92026
92031
92046
92048
92053
92056
92063
92069
92073
92082
92084
92097
92100
92106
92109
92116
92118
92119
92122
92130
92136
92137
92140
92160
92162
92171
92173
92176
92177
92179
92190
92196
92197
92199
92201
92206
92229
92231
92236
92238
92248
92250
92251
92257
92258
92261
92268
92273
92277
92281
92282
92294
92302
92303
92304
92306
92307
92309
92317
92318
92320
92321
92330
92334
92335
92337
92339
92346
92347
92348
92355
92356
92359
92362
92366
92367
92370
92374
92376
92386
92388
92391
92394
92395
92397
92408
92411
92417
92426
92427
92429
92432
92434
92440
92442
92445
92449
92461
92463
92466
92469
92471
92476
92478
92479
92482
92485
92501
92506
92507
92508
92523
92524
92531
92543
92546
92553
92555
92557
92558
92563
92571
92585
92591
92593
92595
92596
92601
92603
92614
92620
92622
92626
92629
92638
92639
92641
92644
92649
92670
92674
92676
92677
92683
92688
92694
92699
92708
92711
92714
92717
92728
92730
92734
92736
92737
92754
92762
92765
92766
92773
92784
92786
92788
92792
92798
92800
92803
92824
92826
92828
92838
92840
92842
92846
92849
92850
92851
92857
92867
92878
92884
92895
92900
92901
92903
92906
92911
92912
92913
92916
92917
92920
92933
92935
92943
92949
92955
92957
92962
92968
92972
92986
92998
93003
93006
93011
93012
93013
93014
93016
93020
93022
93023
93030
93031
93036
93041
93042
93043
93044
93048
93051
93055
93062
93064
93071
93074
93080
93081
93083
93095
93104
93105
93107
93112
93118
93119
93126
93132
93138
93146
93147
93155
93162
93163
93164
93174
93178
93179
93183
93191
93199
93202
93208
93213
93223
93225
93229
93238
93247
93267
93268
93301
93307
93322
93343
93350
93351
93354
93355
93356
93368
93370
93374
93379
93383
93385
93386
93391
93392
93405
93426
93427
93431
93442
93446
93448
93451
93460
93462
93468
93476
93478
93479
93485
93490
93491
93497
93509
93516
93525
93527
93528
93529
93530
93533
93546
93552
93553
93555
93559
93572
93580
93581
93587
93588
93599
93609
93615
93619
93620
93621
93623
93629
93632
93641
93650
93653
93658
93659
93666
93668
93672
93677
93679
93689
93695
93696
93701
93708
93710
93712
93714
93723
93730
93743
93745
93757
93762
93764
93770
93776
93778
93791
93800
93804
93805
93809
93812
93814
93816
93821
93833
93840
93841
93848
93851
93855
93876
93878
93881
93884
93886
93888
93890
93893
93900
93904
93909
93917
93918
93922
93927
93935
93943
93944
93946
93951
93955
93958
93965
93968
93988
93996
93997
94001
94016
94021
94028
94039
94059
94060
94068
94074
94078
94081
94091
94100
94101
94107
94110
94116
94117
94120
94123
94130
94137
94139
94145
94166
94170
94175
94192
94193
94202
94207
94208
94213
94227
94232
94233
94236
94239
94240
94241
94244
94246
94250
94252
94267
94278
94279
94283
94289
94291
94293
94295
94301
94305
94307
94308
94309
94311
94313
94319
94323
94325
94326
94328
94329
94339
94343
94352
94354
94355
94358
94362
94364
94369
94380
94381
94384
94394
94396
94397
94399
94401
94403
94407
94410
94417
94430
94437
94441
94442
94444
94447
94457
94458
94461
94467
94471
94472
94480
94483
94484
94487
94491
94496
94497
94498
94501
94503
94507
94509
94519
94526
94531
94534
94545
94547
94551
94554
94556
94557
94558
94579
94587
94589
94600
94602
94603
94604
94606
94607
94608
94609
94611
94616
94621
94626
94628
94639
94641
94646
94647
94649
94650
94657
94662
94666
94667
94669
94675
94677
94679
94680
94684
94700
94702
94715
94721
94723
94728
94735
94737
94743
94744
94747
94753
94759
94761
94769
94781
94782
94793
94797
94809
94821
94839
94840
94841
94842
94847
94851
94863
94865
94883
94888
94895
94896
94902
94904
94911
94912
94913
94917
94918
94928
94933
94936
94939
94945
94953
94964
94966
94971
94975
94977
94980
94982
94991
94997
94999
95006
95007
95010
95011
95014
95018
95020
95025
95036
95037
95043
95044
95049
95056
95064
95065
95069
95073
95075
95077
95079
95084
95087
95090
95092
95094
95098
95101
95103
95105
95107
95109
95127
95134
95136
95137
95138
95153
95154
95157
95158
95168
95170
95174
95179
95181
95182
95185
95189
95198
95202
95203
95208
95215
95223
95232
95233
95241
95242
95250
95254
95265
95266
95278
95282
95286
95293
95294
95298
95301
95302
95304
95309
95310
95315
95316
95318
95319
95321
95329
95344
95346
95352
95354
95358
95359
95362
95365
95367
95370
95371
95372
95379
95384
95393
95396
95401
95402
95416
95418
95422
95426
95428
95430
95448
95454
95460
95467
95469
95470
95471
95473
95477
95478
95483
95486
95487
95496
95511
95513
95516
95520
95522
95527
95537
95541
95550
95557
95562
95570
95574
95586
95587
95591
95592
95596
95599
95602
95603
95608
95612
95618
95624
95625
95626
95628
95631
95648
95649
95657
95658
95664
95666
95681
95685
95690
95694
95696
95699
95706
95707
95712
95728
95734
95747
95748
95752
95756
95769
95785
95794
95803
95809
95810
95815
95816
95821
95826
95829
95836
95838
95841
95844
95861
95863
95881
95883
95886
95890
95891
95892
95901
95902
95927
95929
95932
95946
95948
95950
95958
95961
95967
95969
95977
95988
95996
96007
96008
96010
96011
96013
96017
96024
96025
96027
96030
96036
96039
96040
96043
96044
96048
96053
96054
96060
96065
96068
96072
96073
96077
96080
96082
96084
96085
96087
96093
96098
96115
96118
96119
96122
96129
96132
96133
96137
96144
96147
96148
96150
96157
96166
96169
96175
96194
96214
96224
96227
96228
96229
96235
96236
96237
96241
96243
96247
96250
96261
96263
96264
96266
96269
96270
96271
96272
96273
96279
96280
96282
96289
96295
96298
96301
96304
96305
96306
96312
96330
96341
96342
96349
96355
96356
96359
96368
96369
96370
96383
96384
96386
96391
96393
96407
96410
96411
96424
96428
96430
96437
96445
96452
96464
96472
96477
96491
96494
96499
96506
96507
96511
96514
96518
96523
96525
96536
96541
96548
96550
96555
96558
96573
96574
96588
96589
96596
96598
96602
96611
96613
96619
96620
96631
96635
96641
96642
96647
96649
96652
96659
96663
96667
96673
96675
96689
96690
96693
96701
96705
96718
96727
96732
96733
96734
96735
96737
96744
96755
96760
96770
96771
96772
96780
96785
96788
96791
96792
96794
96798
96799
96800
96803
96804
96806
96810
96817
96820
96821
96824
96831
96833
96837
96838
96839
96849
96850
96851
96852
96853
96856
96859
96860
96867
96870
96875
96879
96885
96886
96888
96890
96893
96900
96903
96904
96906
96915
96916
96917
96927
96931
96933
96936
96940
96942
96943
96966
96968
96974
96978
96979
96981
96992
96994
96995
96999
97003
97017
97018
97024
97031
97032
97035
97040
97046
97050
97051
97058
97072
97073
97074
97076
97082
97087
97090
97096
97097
97104
97105
97115
97116
97119
97134
97136
97154
97155
97156
97162
97170
97172
97177
97180
97183
97191
97199
97203
97204
97217
97218
97219
97223
97225
97228
97229
97232
97233
97239
97241
97245
97247
97255
97256
97266
97268
97275
97280
97283
97286
97290
97291
97295
97298
97304
97305
97307
97308
97312
97316
97318
97319
97324
97326
97328
97331
97336
97340
97343
97348
97350
97355
97370
97374
97379
97384
97385
97390
97399
97401
97406
97414
97417
97419
97427
97429
97432
97442
97446
97447
97459
97460
97464
97470
97478
97479
97486
97498
97504
97506
97507
97510
97512
97513
97515
97517
97519
97522
97525
97526
97529
97546
97551
97553
97557
97562
97568
97577
97587
97591
97595
97597
97599
97601
97609
97623
97625
97634
97641
97646
97653
97655
97656
97660
97668
97669
97670
97673
97676
97685
97687
97689
97690
97694
97700
97703
97714
97728
97729
97732
97737
97740
97742
97745
97752
97757
97764
97766
97768
97770
97778
97788
97792
97801
97805
97806
97810
97811
97813
97820
97821
97826
97830
97840
97853
97856
97857
97859
97867
97873
97877
97879
97884
97886
97887
97891
97895
97905
97907
97914
97915
97925
97936
97945
97952
97957
97960
97961
97965
97966
97971
97972
97973
97977
97979
97986
97989
97991
97999
98002
98003
98020
98022
98026
98031
98038
98048
98051
98057
98065
98095
98099
98104
98106
98115
98121
98124
98131
98132
98136
98138
98144
98147
98152
98153
98155
98157
98165
98166
98168
98174
98176
98183
98186
98193
98196
98202
98206
98210
98212
98214
98218
98231
98234
98238
98240
98248
98250
98256
98259
98265
98266
98270
98272
98278
98288
98291
98292
98295
98300
98307
98312
98313
98315
98316
98320
98321
98323
98327
98335
98336
98340
98344
98353
98355
98363
98376
98383
98384
98386
98389
98390
98393
98403
98408
98410
98417
98421
98434
98443
98452
98455
98463
98465
98466
98468
98470
98471
98476
98482
98488
98492
98500
98507
98508
98511
98516
98517
98529
98531
98541
98544
98548
98569
98573
98574
98575
98576
98578
98580
98586
98587
98589
98594
98595
98596
98598
98602
98604
98622
98628
98630
98634
98636
98643
98646
98653
98654
98662
98663
98666
98672
98673
98677
98683
98695
98696
98697
98701
98716
98718
98719
98727
98732
98735
98736
98738
98745
98748
98754
98757
98759
98763
98772
98773
98776
98781
98784
98788
98793
98799
98805
98807
98809
98832
98833
98836
98837
98838
98844
98847
98849
98850
98861
98874
98877
98884
98900
98904
98905
98906
98914
98915
98917
98920
98921
98936
98940
98944
98946
98952
98955
98958
98968
98975
98977
98978
98980
98982
98983
98984
98991
98992
98995
99001
99006
99015
99021
99022
99026
99027
99037
99049
99053
99058
99062
99074
99078
99084
99094
99098
99100
99106
99111
99118
99124
99130
99135
99136
99149
99155
99166
99170
99172
99179
99182
99183
99184
99186
99193
99194
99198
99201
99204
99206
99207
99212
99223
99240
99247
99250
99251
99258
99259
99260
99263
99264
99297
99300
99306
99308
99310
99313
99315
99325
99327
99328
99331
99338
99341
99352
99353
99356
99363
99369
99379
99382
99391
99392
99416
99421
99424
99427
99428
99432
99446
99447
99461
99464
99467
99469
99470
99471
99474
99477
99482
99483
99484
99494
99496
99498
99513
99514
99520
99524
99530
99532
99543
99549
99552
99554
99556
99560
99566
99571
99581
99582
99583
99586
99587
99589
99595
99599
99601
99625
99627
99632
99634
99643
99644
99647
99651
99656
99658
99660
99663
99665
99667
99686
99687
99692
99693
99703
99704
99707
99721
99729
99732
99733
99754
99757
99766
99769
99771
99772
99776
99788
99801
99805
99811
99812
99825
99827
99831
99833
99834
99839
99843
99850
99852
99854
99855
99863
99874
99884
99886
99889
99890
99896
99898
99903
99905
99911
99916
99920
99933
99936
99945
99962
99969
99973
99977
99986
99987
99990
100000
100002
100012
100019
100022
100032
100034
100038
100046
100050
100054
100059
100061
100062
100070
100078
100081
100082
100087
100089
100093
100094
100097
100133
100137
100142
100145
100147
100148
100153
100158
100159
100161
100166
100169
100178
100190
100193
100196
100215
100218
100221
100226
100227
100234
100235
100237
100240
100241
100249
100253
100257
100263
100270
100278
100279
100280
100290
100299
100305
100311
100312
100323
100332
100343
100344
100348
100349
100354
100358
100359
100360
100361
100363
100364
100367
100369
100376
100379
100389
100390
100396
100397
100399
100404
100405
100406
100407
100412
100422
100424
100446
100450
100454
100469
100482
100485
100492
100493
100494
100499
100502
100508
100513
100517
100520
100527
100537
100544
100547
100560
100565
100568
100572
100582
100584
100589
100590
100595
100597
100602
100620
100622
100624
100632
100634
100638
100641
100642
100651
100653
100659
100661
100671
100672
100678
100679
100682
100684
100688
100702
100705
100709
100712
100714
100720
100729
100736
100741
100742
100746
100752
100755
100770
100772
100779
100780
100782
100787
100788
100789
100791
100792
100794
100795
100798
100799
100813
100816
100817
100827
100832
100837
100849
100862
100864
100877
100881
100887
100888
100891
100892
100893
100900
100905
100911
100922
100924
100927
100928
100931
100933
100934
100937
100941
100945
100949
100951
100954
100957
100965
100968
100969
100972
100977
100979
100985
100986
100988
100991
100992
100994
100996
101002
101003
101006
101012
101017
101018
101021
101024
101029
101030
101035
101041
101053
101056
101059
101063
101065
101070
101076
101077
101089
101098
101099
101101
101106
101111
101112
101116
101117
101118
101120
101122
101126
101131
101132
101139
101148
101149
101153
101164
101166
101170
101171
101174
101178
101191
101193
101196
101198
101201
101206
101214
101216
101236
101237
101252
101259
101262
101288
101295
101296
101298
101299
101315
101333
101341
101343
101350
101355
101359
101361
101372
101373
101374
101375
101381
101391
101402
101407
101412
101428
101432
101434
101435
101436
101437
101438
101439
101443
101445
101451
101452
101467
101471
101473
101478
101481
101488
101492
101494
101501
101504
101510
101512
101520
101523
101526
101527
101528
101529
101537
101541
101546
101554
101557
101558
101560
101565
101567
101576
101580
101590
101592
101595
101601
101611
101617
101618
101625
101630
101631
101633
101634
101641
101644
101647
101650
101652
101655
101658
101670
101675
101681
101686
101691
101692
101698
101707
101716
101719
101730
101734
101740
101745
101747
101749
101753
101757
101762
101763
101768
101771
101775
101778
101779
101789
101806
101809
101819
101823
101825
101830
101836
101846
101854
101855
101856
101858
101860
101862
101869
101872
101877
101878
101881
101886
101888
101891
101896
101898
101911
101913
101940
101943
101944
101951
101962
101963
101965
101967
101974
101978
101980
101986
101989
101996
102001
102003
102004
102011
102020
102022
102026
102042
102045
102048
102050
102052
102055
102056
102059
102060
102064
102067
102075
102076
102091
102092
102095
102099
102103
102104
102107
102108
102111
102115
102116
102119
102125
102130
102148
102160
102164
102165
102170
102181
102182
102188
102193
102196
102201
102207
102215
102219
102220
102242
102244
102245
102259
102261
102262
102269
102270
102274
102282
102289
102290
102291
102292
102294
102297
102298
102322
102331
102341
102351
102352
102355
102361
102365
102376
102377
102380
102381
102385
102387
102388
102390
102397
102399
102401
102404
102407
102413
102414
102417
102420
102423
102426
102429
102437
102438
102439
102445
102446
102448
102455
102458
102459
102462
102466
102467
102468
102471
102477
102490
102491
102494
102497
102507
102511
102531
102532
102533
102538
102543
102552
102554
102556
102565
102567
102575
102591
102595
102596
102599
102603
102607
102619
102627
102638
102643
102644
102651
102654
102655
102658
102660
102664
102668
102673
102682
102689
102694
102696
102697
102698
102700
102706
102707
102710
102712
102715
102719
102722
102725
102727
102740
102748
102766
102780
102784
102788
102791
102792
102793
102796
102797
102805
102816
102832
102839
102841
102845
102846
102850
102854
102862
102869
102871
102872
102873
102876
102888
102892
102896
102899
102903
102907
102911
102913
102915
102936
102937
102940
102941
102946
102947
102957
102958
102959
102962
102966
102967
102980
102984
102985
102987
102992
103000
103001
103004
103017
103021
103022
103027
103030
103034
103035
103036
103037
103038
103040
103041
103046
103052
103058
103079
103094
103097
103102
103105
103111
103113
103117
103119
103146
103147
103151
103152
103156
103165
103175
103186
103193
103195
103204
103205
103206
103207
103210
103217
103224
103226
103238
103243
103246
103251
103257
103259
103266
103269
103291
103296
103297
103302
103303
103309
103315
103316
103318
103324
103326
103335
103336
103344
103347
103353
103356
103358
103360
103366
103367
103373
103374
103376
103379
103385
103391
103394
103398
103399
103400
103401
103402
103407
103410
103416
103418
103419
103422
103425
103426
103428
103432
103437
103442
103453
103455
103457
103463
103464
103466
103467
103469
103475
103481
103484
103493
103509
103519
103521
103524
103525
103529
103532
103541
103548
103550
103551
103555
103557
103559
103578
103580
103584
103585
103588
103602
103605
103606
103608
103611
103621
103629
103639
103640
103645
103647
103649
103651
103668
103682
103687
103692
103693
103694
103700
103702
103706
103707
103714
103717
103719
103720
103736
103738
103742
103745
103751
103762
103763
103767
103774
103775
103776
103779
103785
103786
103789
103795
103806
103808
103812
103818
103819
103823
103824
103828
103833
103842
103843
103848
103851
103853
103861
103864
103880
103890
103893
103897
103908
103910
103913
103917
103918
103921
103923
103927
103929
103933
103938
103942
103947
103951
103953
103960
103961
103963
103966
103975
103985
103990
103993
103999
104000
104004
104007
104009
104013
104014
104015
104017
104022
104025
104028
104029
104030
104037
104044
104045
104050
104053
104058
104066
104067
104072
104073
104075
104078
104079
104081
104087
104088
104093
104105
104109
104120
104121
104127
104128
104131
104134
104136
104138
104143
104146
104152
104170
104172
104179
104185
104186
104192
104195
104196
104199
104205
104210
104213
104214
104216
104222
104223
104233
104235
104237
104240
104241
104242
104256
104257
104260
104261
104264
104265
104267
104269
104270
104271
104274
104281
104286
104299
104300
104304
104316
104323
104326
104327
104331
104338
104341
104342
104343
104360
104373
104376
104382
104384
104396
104403
104418
104424
104425
104428
104430
104432
104433
104437
104446
104460
104464
104469
104470
104477
104482
104484
104490
104491
104495
104496
104501
104502
104508
104509
104512
104513
104516
104520
104524
104526
104530
104531
104539
104544
104552
104553
104557
104565
104571
104578
104580
104583
104586
104589
104593
104594
104599
104603
104611
104616
104619
104622
104630
104632
104636
104651
104652
104656
104659
104662
104664
104665
104667
104668
104669
104672
104678
104686
104708
104710
104717
104718
104720
104724
104731
104733
104743
104756
104757
104758
104759
104760
104761
104763
104766
104778
104780
104781
104783
104788
104789
104791
104792
104793
104794
104798
104801
104802
104805
104811
104812
104817
104819
104821
104847
104857
104858
104861
104864
104867
104874
104878
104879
104888
104892
104897
104899
104901
104911
104912
104913
104916
104917
104919
104924
104925
104926
104934
104937
104938
104945
104948
104955
104960
104961
104963
104965
104978
104982
104989
104997
104998
105001
105003
105007
105008
105011
105020
105022
105023
105026
105030
105033
105036
105038
105052
105063
105074
105076
105082
105093
105095
105102
105103
105109
105110
105117
105121
105125
105145
105147
105149
105150
105163
105173
105175
105182
105191
105192
105199
105225
105233
105234
105238
105242
105263
105265
105271
105274
105279
105288
105293
105296
105302
105305
105309
105310
105311
105326
105329
105330
105332
105334
105335
105344
105349
105352
105359
105363
105364
105365
105369
105374
105381
105384
105388
105389
105404
105409
105433
105437
105438
105440
105445
105478
105480
105483
105492
105493
105495
105499
105511
105519
105522
105527
105529
105532
105536
105537
105553
105556
105557
105558
105565
105567
105576
105588
105589
105599
105605
105606
105607
105617
105618
105620
105621
105622
105625
105626
105634
105638
105639
105641
105644
105656
105658
105659
105661
105663
105671
105672
105678
105687
105692
105699
105700
105703
105711
105715
105716
105719
105721
105722
105723
105729
105730
105738
105742
105745
105750
105753
105759
105765
105766
105772
105779
105781
105785
105789
105791
105797
105806
105807
105810
105811
105816
105817
105819
105821
105837
105840
105841
105845
105852
105854
105859
105871
105872
105873
105883
105884
105887
105891
105892
105904
105907
105918
105924
105927
105928
105929
105930
105934
105938
105944
105946
105952
105973
105977
105992
105995
106001
106006
106007
106010
106026
106028
106030
106042
106044
106048
106051
106054
106056
106058
106060
106063
106065
106070
106076
106081
106083
106084
106091
106092
106098
106102
106103
106104
106106
106109
106119
106123
106127
106131
106133
106134
106135
106146
106149
106160
106167
106171
106173
106187
106190
106191
106195
106197
106200
106212
106214
106221
106222
106226
106242
106243
106247
106257
106262
106270
106271
106275
106281
106282
106284
106287
106289
106295
106301
106302
106303
106311
106316
106317
106318
106321
106325
106342
106343
106345
106353
106354
106361
106362
106366
106375
106379
106384
106386
106387
106390
106391
106392
106394
106399
106404
106407
106408
106411
106416
106417
106429
106430
106431
106432
106437
106440
106446
106447
106449
106454
106456
106463
106467
106468
106469
106472
106475
106478
106485
106493
106498
106501
106506
106507
106518
106535
106540
106547
106555
106558
106564
106568
106573
106578
106581
106596
106604
106608
106610
106616
106617
106624
106634
106636
106637
106646
106649
106650
106653
106661
106662
106675
106691
106719
106721
106729
106735
106740
106745
106747
106748
106751
106752
106767
106775
106784
106786
106787
106792
106793
106796
106797
106798
106799
106801
106836
106838
106840
106848
106853
106856
106857
106876
106891
106893
106902
106907
106911
106915
106918
106919
106926
106928
106929
106932
106935
106936
106946
106949
106950
106954
106961
106986
106990
106991
106992
106999
107006
107008
107009
107012
107016
107018
107019
107020
107021
107032
107041
107045
107050
107065
107070
107074
107075
107084
107088
107094
107107
107112
107116
107118
107121
107126
107127
107132
107137
107139
107141
107142
107148
107150
107161
107168
107178
107179
107187
107188
107189
107190
107191
107206
107212
107218
107221
107227
107232
107237
107246
107264
107266
107274
107275
107276
107290
107293
107294
107295
107300
107305
107315
107319
107323
107327
107336
107337
107350
107351
107361
107366
107375
107381
107385
107393
107402
107407
107417
107427
107431
107442
107448
107463
107468
107470
107482
107484
107488
107490
107491
107492
107494
107496
107504
107507
107518
107519
107524
107539
107545
107546
107550
107552
107554
107560
107565
107568
107569
107571
107583
107601
107602
107604
107605
107617
107623
107628
107630
107631
107633
107634
107640
107643
107645
107647
107649
107653
107654
107655
107661
107665
107671
107680
107685
107686
107687
107696
107704
107710
107711
107722
107726
107731
107745
107751
107752
107754
107766
107770
107772
107773
107775
107787
107803
107806
107813
107815
107822
107826
107829
107838
107847
107858
107860
107863
107864
107866
107868
107870
107874
107876
107877
107886
107890
107902
107905
107919
107920
107928
107934
107939
107948
107962
107964
107968
107975
107976
107977
107984
107987
107991
108001
108005
108018
108020
108021
108022
108023
108030
108036
108038
108044
108045
108047
108051
108064
108066
108070
108072
108080
108085
108087
108094
108102
108114
108124
108133
108144
108145
108155
108156
108157
108163
108164
108169
108171
108183
108188
108193
108199
108202
108203
108211
108212
108213
108219
108231
108248
108249
108252
108253
108260
108263
108265
108272
108281
108286
108291
108294
108302
108316
108325
108329
108332
108333
108335
108337
108338
108340
108344
108356
108357
108359
108363
108370
108373
108383
108385
108386
108387
108390
108393
108395
108405
108414
108415
108426
108427
108429
108437
108440
108444
108445
108450
108452
108456
108464
108465
108470
108471
108475
108478
108480
108484
108500
108504
108505
108517
108526
108530
108532
108534
108535
108542
108543
108544
108549
108553
108561
108562
108575
108576
108582
108584
108588
108595
108596
108599
108600
108606
108611
108616
108621
108633
108635
108641
108642
108644
108646
108649
108656
108659
108660
108662
108663
108676
108678
108702
108704
108706
108707
108708
108712
108714
108719
108721
108726
108729
108731
108734
108735
108748
108750
108751
108752
108753
108755
108757
108758
108761
108774
108777
108778
108781
108783
108799
108811
108815
108816
108819
108837
108844
108848
108852
108856
108860
108861
108862
108866
108874
108875
108886
108891
108892
108894
108895
108899
108900
108909
108921
108922
108924
108925
108927
108928
108939
108941
108947
108950
108953
108992
108997
108998
109000
109001
109002
109004
109005
109009
109011
109013
109015
109025
109027
109029
109033
109039
109041
109042
109050
109053
109055
109057
109059
109062
109065
109072
109076
109077
109084
109089
109094
109104
109107
109110
109121
109131
109135
109137
109143
109148
109151
109154
109158
109159
109161
109162
109165
109167
109171
109172
109185
109196
109200
109215
109227
109237
109238
109239
109249
109257
109262
109265
109267
109271
109274
109275
109281
109296
109299
109300
109303
109305
109311
109315
109325
109326
109327
109334
109336
109350
109360
109361
109362
109368
109369
109378
109382
109387
109389
109390
109401
109405
109408
109411
109412
109428
109443
109445
109446
109448
109449
109458
109467
109468
109473
109476
109497
109501
109503
109508
109515
109516
109521
109524
109532
109534
109535
109542
109547
109554
109557
109559
109561
109571
109572
109573
109579
109588
109601
109602
109604
109609
109610
109615
109616
109625
109629
109640
109644
109654
109660
109662
109664
109677
109687
109690
109695
109703
109708
109711
109715
109717
109719
109722
109725
109726
109736
109756
109757
109761
109763
109766
109768
109769
109770
109775
109779
109784
109786
109788
109789
109794
109801
109806
109808
109823
109824
109826
109827
109833
109846
109847
109859
109860
109870
109872
109873
109888
109894
109895
109899
109901
109903
109905
109913
109918
109927
109928
109941
109946
109956
109959
109970
109974
109976
109977
109979
109982
109987
109990
109996
110000
110006
110014
110017
110021
110022
110024
110035
110037
110042
110047
110052
110056
110058
110059
110063
110065
110070
110072
110073
110078
110083
110084
110085
110089
110107
110112
110116
110121
110122
110127
110151
110154
110162
110164
110165
110166
110167
110170
110178
110184
110187
110189
110195
110196
110199
110206
110209
110212
110217
110224
110225
110231
110239
110245
110247
110248
110250
110251
110254
110258
110260
110262
110269
110276
110280
110290
110303
110306
110315
110320
110327
110335
110340
110347
110352
110361
110369
110372
110384
110387
110416
110420
110421
110429
110431
110434
110439
110449
110454
110459
110462
110472
110480
110486
110494
110501
110502
110504
110508
110513
110518
110522
110525
110526
110530
110542
110544
110546
110549
110550
110551
110565
110568
110570
110576
110596
110598
110599
110603
110615
110618
110624
110631
110632
110635
110640
110641
110642
110648
110649
110654
110657
110658
110661
110670
110677
110681
110691
110697
110699
110710
110718
110723
110725
110731
110736
110739
110740
110741
110742
110743
110749
110752
110756
110757
110761
110762
110770
110775
110777
110784
110787
110792
110800
110802
110813
110817
110820
110821
110822
110825
110827
110834
110850
110852
110860
110865
110869
110871
110883
110885
110887
110888
110890
110893
110896
110899
110900
110903
110913
110916
110919
110924
110929
110930
110933
110934
110939
110945
110950
110951
110956
110965
110966
110968
110974
110979
110980
110983
110988
110990
111007
111012
111013
111014
111015
111016
111020
111024
111030
111041
111047
111055
111056
111057
111060
111068
111072
111077
111079
111085
111087
111094
111095
111097
111101
111104
111105
111112
111113
111118
111123
111125
111137
111138
111142
111144
111146
111148
111153
111163
111165
111167
111171
111177
111180
111181
111186
111194
111202
111204
111208
111215
111216
111230
111233
111236
111237
111239
111240
111241
111257
111263
111266
111273
111279
111287
111292
111293
111294
111301
111311
111312
111315
111316
111323
111332
111334
111336
111345
111346
111348
111349
111355
111364
111377
111387
111396
111399
111404
111406
111413
111438
111440
111448
111450
111454
111458
111464
111465
111471
111472
111478
111482
111488
111492
111495
111496
111503
111508
111513
111514
111516
111528
111531
111539
111540
111548
111561
111564
111569
111574
111578
111584
111588
111605
111607
111608
111609
111619
111620
111624
111629
111632
111639
111654
111657
111659
111661
111662
111664
111667
111669
111673
111674
111680
111691
111693
111694
111696
111700
111704
111729
111730
111740
111745
111746
111755
111756
111764
111771
111774
111775
111782
111786
111789
111792
111796
111799
111801
111807
111815
111816
111824
111829
111847
111850
111852
111853
111865
111869
111872
111875
111878
111880
111887
111889
111895
111921
111927
111929
111936
111937
111942
111945
111947
111951
111954
111955
111956
111961
111970
111971
111973
111986
111987
111994
111995
111999
112006
112010
112017
112018
112021
112034
112035
112040
112041
112044
112054
112065
112069
112070
112071
112073
112080
112086
112091
112093
112096
112097
112105
112116
112124
112141
112142
112149
112151
112153
112156
112165
112167
112174
112180
112198
112201
112214
112224
112230
112231
112232
112233
112236
112241
112245
112247
112258
112268
112271
112272
112278
112281
112286
112288
112294
112297
112302
112303
112315
112320
112322
112328
112329
112336
112339
112347
112348
112357
112361
112363
112364
112368
112370
112378
112379
112391
112393
112396
112406
112407
112415
112419
112421
112423
112425
112427
112428
112438
112443
112445
112459
112463
112464
112466
112477
112482
112486
112488
112490
112494
112501
112503
112509
112511
112513
112516
112517
112524
112537
112545
112550
112552
112555
112563
112565
112576
112577
112582
112590
112592
112596
112599
112600
112607
112608
112610
112613
112614
112615
112620
112626
112637
112649
112653
112655
112656
112661
112667
112669
112682
112684
112696
112702
112709
112711
112713
112729
112737
112738
112740
112754
112762
112766
112772
112788
112789
112794
112799
112806
112808
112809
112812
112815
112816
112818
112819
112827
112828
112829
112832
112833
112836
112837
112840
112841
112842
112843
112846
112848
112850
112853
112857
112862
112863
112869
112881
112888
112889
112891
112897
112901
112906
112912
112924
112928
112934
112936
112944
112945
112946
112950
112958
112968
112981
112982
112991
112997
113000
113005
113006
113010
113014
113017
113024
113028
113034
113050
113051
113053
113057
113060
113061
113065
113069
113077
113078
113079
113082
113084
113089
113094
113098
113105
113106
113109
113111
113120
113125
113128
113129
113134
113144
113145
113148
113174
113175
113176
113177
113184
113186
113188
113191
113192
113200
113201
113203
113204
113207
113216
113225
113229
113233
113240
113246
113248
113249
113260
113268
113272
113276
113277
113280
113284
113287
113288
113289
113294
113304
113308
113311
113320
113323
113324
113335
113340
113342
113346
113357
113362
113370
113372
113373
113378
113379
113386
113389
113392
113393
113400
113405
113408
113418
113424
113438
113439
113444
113445
113453
113457
113477
113480
113486
113489
113491
113495
113504
113506
113510
113511
113519
113526
113532
113546
113553
113563
113564
113567
113570
113571
113572
113573
113574
113575
113578
113588
113589
113591
113607
113619
113620
113623
113637
113638
113639
113649
113651
113653
113659
113664
113668
113670
113686
113691
113694
113696
113697
113701
113702
113711
113712
113715
113722
113731
113737
113738
113739
113741
113746
113747
113757
113765
113774
113779
113782
113784
113786
113790
113791
113792
113793
113794
113795
113796
113800
113808
113812
113818
113821
113822
113824
113832
113852
113855
113861
113867
113872
113873
113874
113876
113879
113880
113881
113883
113889
113891
113892
113893
113898
113903
113904
113905
113906
113907
113910
113920
113921
113924
113925
113929
113930
113934
113942
113951
113952
113958
113964
113968
113970
113995
114000
114013
114015
114023
114025
114032
114033
114034
114038
114041
114056
114064
114072
114073
114074
114080
114084
114085
114095
114096
114099
114110
114111
114113
114132
114133
114137
114141
114148
114153
114157
114166
114170
114184
114186
114187
114194
114196
114203
114212
114214
114227
114230
114232
114239
114241
114244
114247
114248
114250
114252
114262
114265
114268
114278
114280
114283
114285
114286
114287
114296
114302
114303
114306
114310
114318
114323
114324
114332
114334
114338
114345
114347
114348
114353
114366
114367
114379
114382
114385
114389
114391
114398
114403
114404
114407
114416
114418
114419
114430
114432
114438
114442
114443
114445
114447
114453
114465
114471
114474
114477
114478
114480
114481
114484
114485
114494
114496
114500
114503
114507
114509
114511
114517
114523
114528
114532
114536
114544
114552
114555
114556
114566
114567
114568
114579
114580
114581
114582
114583
114585
114598
114602
114603
114605
114611
114615
114616
114619
114622
114625
114634
114639
114640
114641
114649
114652
114654
114655
114664
114678
114698
114701
114702
114719
114722
114724
114732
114738
114748
114763
114764
114775
114776
114777
114780
114786
114788
114793
114794
114801
114802
114803
114808
114809
114815
114817
114819
114824
114828
114833
114834
114835
114840
114848
114850
114865
114866
114868
114874
114878
114892
114894
114895
114900
114903
114906
114907
114913
114919
114926
114933
114938
114948
114951
114953
114956
114962
114965
114968
114969
114975
114978
114986
114987
114993
114995
114996
115015
115016
115017
115020
115021
115023
115026
115031
115040
115041
115056
115059
115084
115087
115093
115094
115103
115109
115114
115118
115121
115122
115126
115127
115129
115131
115144
115157
115160
115169
115170
115174
115181
115183
115192
115195
115201
115215
115216
115218
115223
115226
115232
115235
115241
115242
115245
115249
115253
115255
115259
115264
115278
115280
115289
115291
115296
115300
115301
115310
115318
115319
115321
115325
115337
115363
115364
115367
115368
115370
115372
115373
115376
115382
115383
115387
115390
115392
115394
115396
115402
115406
115409
115413
115415
115416
115423
115433
115436
115438
115451
115459
115464
115466
115467
115469
115471
115475
115483
115484
115489
115491
115502
115503
115508
115517
115519
115520
115533
115534
115536
115541
115550
115556
115559
115569
115579
115595
115599
115603
115618
115619
115620
115631
115632
115634
115639
115643
115645
115654
115662
115663
115666
115670
115677
115679
115680
115681
115682
115684
115690
115692
115695
115706
115710
115712
115715
115722
115727
115733
115737
115740
115749
115750
115762
115775
115790
115795
115798
115799
115800
115802
115814
115818
115821
115825
115826
115829
115831
115832
115833
115837
115849
115851
115863
115865
115869
115870
115873
115876
115879
115883
115887
115895
115900
115903
115905
115911
115914
115918
115919
115920
115929
115932
115939
115946
115948
115950
115952
115953
115957
115961
115967
115968
115980
115992
115995
115998
116012
116019
116030
116031
116033
116034
116039
116042
116043
116047
116050
116053
116064
116074
116095
116096
116099
116100
116127
116128
116135
116137
116138
116150
116153
116154
116169
116183
116186
116202
116206
116209
116215
116220
116229
116235
116239
116243
116248
116251
116261
116267
116276
116278
116282
116286
116290
116291
116303
116304
116306
116317
116319
116321
116328
116336
116340
116342
116363
116365
116370
116372
116375
116376
116387
116389
116393
116399
116402
116405
116408
116414
116422
116423
116429
116432
116433
116440
116460
116465
116466
116467
116469
116470
116473
116476
116482
116488
116493
116505
116507
116512
116524
116527
116529
116533
116535
116536
116537
116538
116545
116546
116553
116555
116556
116559
116565
116566
116573
116577
116579
116582
116584
116585
116586
116587
116590
116591
116592
116601
116603
116605
116607
116620
116643
116644
116649
116650
116654
116664
116670
116681
116687
116688
116694
116697
116704
116712
116716
116720
116723
116727
116730
116735
116736
116740
116742
116746
116750
116751
116762
116767
116772
116776
116779
116800
116805
116810
116812
116817
116818
116821
116822
116823
116829
116832
116840
116842
116843
116844
116845
116853
116859
116866
116871
116875
116876
116877
116881
116889
116891
116898
116902
116905
116919
116924
116926
116934
116943
116944
116946
116948
116952
116954
116955
116959
116962
116964
116966
116977
116982
116986
116991
116992
116994
116996
116997
117007
117013
117015
117017
117022
117024
117028
117037
117042
117044
117048
117049
117051
117056
117060
117066
117076
117078
117086
117088
117090
117094
117096
117107
117110
117111
117112
117115
117149
117150
117157
117158
117166
117170
117175
117184
117191
117194
117195
117200
117210
117214
117217
117223
117235
117239
117244
117249
117255
117260
117263
117268
117276
117279
117284
117303
117305
117308
117314
117315
117316
117322
117324
117327
117328
117330
117333
117345
117346
117347
117351
117352
117355
117357
117362
117366
117367
117369
117373
117377
117384
117387
117388
117394
117396
117413
117415
117422
117423
117424
117425
117443
117445
117450
117453
117454
117459
117460
117461
117468
117471
117484
117491
117497
117501
117505
117517
117530
117532
117533
117536
117547
117550
117558
117564
117565
117567
117568
117571
117580
117583
117585
117586
117598
117600
117601
117604
117607
117613
117616
117621
117623
117625
117628
117629
117630
117633
117635
117636
117642
117646
117649
117665
117670
117683
117691
117693
117694
117711
117718
117720
117721
117728
117731
117732
117738
117739
117748
117759
117761
117762
117771
117774
117781
117784
117794
117797
117798
117804
117807
117808
117813
117820
117823
117840
117849
117850
117855
117858
117860
117867
117870
117876
117881
117885
117891
117902
117904
117907
117920
117924
117931
117940
117943
117944
117945
117946
117947
117955
117956
117970
117972
117974
117978
117980
117983
117985
117990
117991
117995
117999
118006
118008
118013
118022
118028
118029
118039
118042
118051
118057
118061
118063
118065
118071
118078
118082
118087
118088
118089
118091
118102
118104
118109
118111
118127
118130
118146
118156
118173
118177
118179
118180
118185
118186
118191
118195
118201
118202
118205
118206
118210
118212
118213
118218
118221
118223
118237
118248
118249
118252
118254
118265
118275
118283
118293
118296
118297
118303
118314
118317
118320
118321
118323
118328
118344
118346
118350
118357
118360
118365
118369
118374
118377
118378
118387
118388
118396
118399
118400
118408
118413
118417
118420
118422
118426
118444
118446
118447
118448
118450
118451
118453
118462
118463
118464
118470
118479
118480
118485
118488
118490
118494
118499
118505
118506
118511
118520
118522
118528
118532
118538
118543
118544
118547
118549
118550
118552
118557
118558
118565
118571
118573
118576
118577
118578
118583
118584
118587
118599
118613
118617
118620
118621
118622
118625
118627
118628
118631
118632
118633
118642
118655
118663
118668
118675
118682
118683
118690
118694
118696
118697
118701
118704
118705
118707
118715
118716
118736
118737
118745
118748
118753
118754
118758
118768
118770
118772
118776
118778
118779
118784
118785
118794
118795
118799
118809
118814
118821
118822
118825
118829
118843
118848
118854
118855
118856
118857
118863
118864
118865
118867
118868
118871
118888
118892
118893
118895
118896
118902
118904
118905
118907
118910
118911
118926
118938
118943
118947
118951
118952
118953
118958
118967
118969
118971
118975
118976
118979
118984
118987
118991
118993
119000
119002
119004
119006
119007
119008
119009
119012
119013
119019
119020
119026
119048
119051
119054
119056
119057
119058
119062
119065
119070
119075
119083
119085
119090
119092
119094
119096
119098
119109
119113
119115
119119
119122
119126
119148
119150
119164
119178
119185
119186
119189
119192
119194
119196
119197
119198
119200
119205
119207
119214
119215
119217
119228
119237
119242
119251
119259
119262
119263
119269
119272
119284
119285
119294
119298
119306
119308
119309
119322
119338
119341
119348
119349
119352
119354
119358
119364
119371
119381
119400
119404
119409
119428
119429
119462
119463
119466
119472
119485
119491
119494
119497
119498
119504
119506
119507
119512
119515
119520
119521
119529
119530
119533
119540
119547
119551
119555
119561
119563
119564
119565
119566
119572
119578
119583
119584
119585
119589
119590
119605
119608
119619
119630
119638
119646
119659
119665
119666
119667
119669
119672
119682
119688
119692
119698
119700
119703
119713
119722
119724
119728
119729
119737
119739
119749
119750
119752
119758
119765
119769
119771
119772
119773
119777
119782
119783
119784
119785
119788
119791
119792
119794
119803
119805
119811
119815
119816
119822
119823
119824
119830
119831
119843
119853
119854
119858
119860
119863
119865
119867
119877
119881
119888
119889
119895
119899
119901
119903
119914
119916
119918
119924
119928
119931
119932
119937
119939
119946
119949
119950
119951
119952
119955
119971
119978
119981
119986
119994
119996
119997
119998
119999
120000
120010
120011
120020
120021
120026
120027
120030
120035
120036
120040
120041
120043
120046
120048
120055
120060
120067
120072
120076
120079
120083
120084
120086
120095
120098
120103
120106
120112
120116
120119
120123
120125
120129
120132
120134
120158
120160
120165
120166
120167
120177
120179
120180
120194
120205
120206
120208
120217
120218
120222
120227
120228
120229
120241
120253
120256
120260
120261
120262
120273
120274
120278
120282
120285
120302
120305
120310
120312
120316
120319
120321
120322
120332
120339
120342
120343
120351
120355
120359
120365
120368
120384
120385
120389
120397
120410
120411
120414
120420
120425
120427
120428
120440
120449
120452
120462
120467
120472
120474
120480
120483
120484
120499
120502
120503
120506
120509
120516
120519
120521
120523
120533
120534
120541
120547
120553
120554
120559
120565
120584
120592
120601
120606
120609
120610
120618
120620
120646
120647
120655
120661
120664
120669
120677
120681
120682
120684
120688
120692
120713
120722
120727
120733
120739
120741
120745
120746
120747
120760
120766
120767
120769
120776
120777
120782
120786
120789
120796
120800
120801
120810
120827
120831
120834
120839
120841
120844
120848
120849
120858
120865
120869
120870
120874
120877
120881
120890
120891
120898
120907
120912
120915
120922
120927
120939
120941
120947
120950
120951
120953
120964
120965
120967
120978
120981
120985
120993
120999
121000
121019
121020
121021
121037
121039
121043
121059
121068
121076
121079
121085
121087
121090
121091
121095
121114
121119
121120
121125
121133
121135
121150
121156
121159
121161
121163
121164
121165
121167
121169
121179
121182
121197
121199
121204
121207
121209
121222
121226
121232
121234
121240
121242
121245
121251
121257
121258
121272
121273
121276
121279
121284
121285
121290
121304
121305
121311
121314
121315
121327
121343
121344
121352
121357
121359
121361
121362
121363
121364
121374
121378
121381
121385
121388
121390
121392
121400
121402
121405
121411
121412
121415
121419
121424
121432
121433
121445
121448
121461
121463
121482
121487
121488
121489
121490
121491
121492
121497
121499
121515
121518
121525
121533
121535
121536
121540
121541
121558
121560
121564
121566
121573
121578
121585
121586
121591
121592
121598
121601
121602
121603
121609
121613
121616
121619
121621
121625
121626
121628
121630
121645
121651
121654
121656
121664
121666
121669
121685
121708
121710
121720
121722
121723
121732
121745
121746
121753
121775
121777
121778
121779
121785
121786
121799
121801
121806
121808
121814
121817
121818
121820
121829
121830
121831
121833
121839
121852
121860
121864
121865
121869
121871
121874
121878
121884
121886
121888
121899
121904
121906
121910
121914
121915
121924
121934
121938
121941
121945
121947
121950
121952
121962
121963
121970
121973
121974
121976
121977
121984
121988
121991
121996
121997
122002
122003
122004
122010
122013
122020
122028
122031
122038
122039
122042
122044
122051
122054
122055
122057
122069
122070
122071
122074
122079
122087
122088
122089
122092
122098
122106
122107
122114
122132
122137
122147
122149
122153
122154
122160
122169
122176
122181
122182
122198
122202
122203
122208
122213
122214
122215
122221
122223
122224
122225
122230
122231
122241
122242
122255
122257
122263
122271
122272
122274
122279
122281
122283
122289
122291
122297
122301
122325
122329
122334
122337
122338
122349
122350
122354
122356
122357
122363
122375
122377
122381
122385
122388
122391
122392
122405
122408
122409
122410
122419
122423
122435
122438
122440
122442
122444
122448
122452
122453
122454
122464
122466
122468
122471
122472
122476
122477
122481
122485
122486
122494
122513
122516
122517
122533
122543
122545
122546
122558
122559
122561
122564
122571
122572
122576
122580
122585
122586
122598
122604
122610
122617
122619
122623
122626
122629
122634
122635
122654
122657
122662
122668
122669
122680
122690
122692
122694
122695
122700
122701
122703
122704
122721
122725
122729
122730
122731
122745
122748
122763
122770
122774
122788
122789
122791
122793
122794
122805
122806
122813
122817
122818
122824
122825
122827
122832
122835
122844
122858
122862
122866
122871
122877
122880
122883
122884
122889
122891
122893
122897
122900
122906
122909
122910
122911
122917
122921
122922
122929
122932
122934
122939
122944
122947
122948
122952
122967
122969
122972
122981
122986
122987
122992
123003
123008
123009
123012
123028
123031
123033
123035
123043
123046
123048
123059
123066
123076
123084
123085
123095
123104
123106
123108
123109
123117
123118
123122
123142
123150
123151
123161
123166
123172
123176
123180
123183
123187
123191
123200
123207
123216
123221
123223
123229
123230
123233
123236
123243
123248
123250
123258
123262
123264
123272
123276
123281
123287
123291
123293
123296
123300
123307
123313
123316
123321
123323
123331
123332
123337
123340
123341
123350
123351
123356
123358
123359
123377
123380
123381
123398
123406
123410
123412
123421
123422
123430
123432
123436
123438
123445
123454
123457
123460
123466
123470
123472
123473
123475
123476
123481
123482
123483
123484
123496
123503
123508
123512
123513
123519
123527
123532
123542
123543
123545
123547
123548
123555
123556
123564
123565
123578
123583
123585
123589
123590
123591
123598
123607
123608
123610
123616
123623
123626
123632
123636
123639
123648
123650
123653
123654
123655
123657
123664
123665
123666
123667
123673
123678
123685
123686
123687
123690
123701
123704
123711
123715
123725
123745
123756
123758
123759
123760
123768
123772
123773
123788
123792
123794
123796
123806
123807
123810
123813
123815
123819
123825
123826
123843
123851
123857
123858
123863
123868
123873
123878
123883
123893
123901
123902
123904
123909
123913
123918
123924
123930
123932
123933
123937
123938
123946
123948
123949
123950
123953
123964
123972
123975
123977
123983
123990
123991
123995
124003
124008
124014
124025
124040
124045
124047
124048
124057
124058
124065
124066
124071
124074
124075
124082
124085
124086
124089
124106
124115
124131
124135
124145
124147
124155
124162
124165
124170
124174
124177
124182
124185
124186
124188
124196
124202
124208
124210
124222
124223
124226
124227
124234
124235
124241
124248
124250
124253
124254
124259
124261
124265
124268
124270
124275
124289
124294
124295
124300
124307
124310
124312
124313
124314
124315
124317
124323
124328
124329
124333
124339
124340
124341
124356
124358
124359
124361
124362
124366
124371
124375
124391
124396
124399
124400
124402
124407
124408
124409
124412
124415
124416
124422
124439
124460
124462
124484
124491
124492
124494
124497
124505
124507
124508
124512
124514
124518
124522
124524
124532
124541
124547
124552
124555
124556
124562
124566
124574
124575
124579
124581
124585
124587
124589
124593
124596
124597
124599
124604
124608
124609
124613
124622
124630
124634
124643
124644
124647
124651
124652
124653
124659
124661
124666
124671
124676
124679
124681
124690
124691
124693
124694
124700
124701
124705
124710
124717
124718
124720
124724
124725
124732
124741
124747
124752
124753
124755
124760
124770
124773
124775
124779
124786
124794
124798
124800
124802
124803
124809
124813
124828
124831
124833
124835
124846
124857
124858
124873
124874
124885
124886
124891
124893
124896
124898
124911
124915
124928
124930
124940
124950
124956
124961
124968
124971
124979
124986
124988
124989
124990
124991
124998
124999
125002
125006
125008
125010
125015
125017
125020
125022
125028
125030
125033
125040
125043
125057
125058
125064
125065
125074
125076
125077
125078
125079
125081
125092
125093
125101
125103
125105
125109
125113
125114
125118
125123
125124
125132
125134
125144
125145
125147
125152
125159
125167
125169
125171
125174
125183
125185
125189
125196
125207
125216
125219
125229
125230
125231
125259
125260
125264
125265
125266
125267
125276
125277
125279
125287
125290
125291
125296
125297
125298
125310
125323
125325
125327
125330
125334
125335
125336
125346
125347
125348
125375
125389
125390
125400
125401
125402
125412
125418
125422
125423
125424
125430
125439
125443
125452
125453
125455
125464
125469
125473
125481
125482
125492
125496
125497
125504
125517
125528
125529
125532
125533
125544
125547
125550
125558
125559
125565
125571
125573
125576
125577
125583
125589
125592
125607
125610
125624
125625
125633
125636
125638
125666
125668
125669
125675
125680
125689
125695
125701
125705
125706
125710
125717
125719
125722
125739
125741
125742
125743
125744
125745
125747
125748
125752
125758
125765
125775
125776
125780
125783
125786
125795
125798
125800
125803
125806
125807
125810
125815
125830
125831
125836
125842
125845
125846
125851
125856
125862
125864
125867
125870
125871
125873
125874
125883
125885
125891
125896
125903
125908
125913
125915
125920
125926
125931
125933
125934
125941
125942
125949
125951
125955
125959
125965
125966
125967
125972
125975
125977
125983
125985
125987
125992
126000
126016
126017
126021
126025
126032
126053
126062
126066
126077
126083
126093
126103
126104
126106
126115
126120
126122
126124
126134
126137
126138
126142
126143
126145
126146
126162
126163
126168
126169
126173
126175
126176
126186
126189
126190
126195
126196
126200
126202
126206
126210
126212
126215
126218
126225
126226
126232
126239
126262
126266
126272
126277
126278
126282
126285
126292
126293
126296
126298
126305
126310
126312
126313
126314
126316
126320
126326
126327
126329
126330
126337
126342
126343
126346
126348
126349
126359
126371
126376
126379
126381
126389
126394
126408
126412
126414
126417
126419
126425
126433
126446
126447
126449
126454
126463
126464
126471
126472
126473
126474
126477
126480
126482
126486
126490
126491
126493
126500
126506
126508
126517
126518
126533
126539
126544
126545
126546
126550
126563
126565
126566
126569
126577
126581
126582
126585
126589
126592
126598
126601
126602
126604
126607
126608
126616
126617
126628
126631
126633
126640
126649
126655
126656
126665
126669
126675
126678
126680
126684
126688
126695
126696
126707
126710
126714
126723
126725
126726
126744
126751
126755
126759
126772
126777
126778
126783
126784
126787
126789
126798
126802
126807
126813
126814
126819
126820
126821
126827
126833
126844
126855
126856
126857
126859
126860
126866
126872
126886
126888
126892
126904
126905
126912
126916
126920
126928
126936
126938
126939
126940
126943
126944
126945
126948
126952
126958
126965
126972
126974
126976
126977
126989
126991
126994
127001
127002
127005
127008
127011
127012
127013
127015
127017
127018
127019
127020
127022
127028
127029
127030
127041
127043
127044
127045
127046
127048
127061
127063
127065
127067
127069
127074
127076
127085
127088
127089
127103
127104
127110
127129
127133
127134
127135
127139
127140
127141
127146
127148
127150
127154
127165
127168
127171
127181
127183
127186
127190
127191
127194
127195
127208
127216
127221
127224
127226
127229
127238
127241
127242
127243
127247
127258
127260
127261
127264
127272
127278
127284
127290
127297
127305
127307
127313
127319
127325
127331
127333
127337
127341
127344
127349
127350
127351
127357
127359
127363
127365
127369
127375
127380
127381
127382
127389
127390
127398
127404
127409
127410
127414
127422
127427
127429
127434
127435
127444
127447
127453
127456
127458
127464
127470
127482
127488
127492
127493
127497
127509
127515
127519
127521
127529
127530
127536
127550
127557
127558
127560
127564
127567
127570
127578
127579
127590
127605
127607
127613
127615
127624
127636
127639
127646
127649
127660
127665
127668
127669
127673
127676
127679
127680
127687
127694
127696
127701
127704
127719
127723
127726
127744
127747
127748
127752
127763
127767
127768
127769
127776
127779
127780
127791
127798
127800
127801
127806
127808
127809
127810
127815
127822
127825
127829
127835
127845
127850
127852
127864
127866
127878
127881
127883
127888
127899
127903
127914
127927
127935
127937
127940
127941
127943
127948
127950
127951
127953
127954
127961
127964
127965
127970
127975
127982
127983
127985
127992
127995
128002
128003
128004
128011
128012
128013
128022
128025
128027
128029
128034
128038
128041
128045
128047
128052
128055
128056
128064
128065
128066
128074
128075
128076
128088
128089
128092
128095
128099
128101
128107
128108
128109
128117
128128
128130
128132
128133
128140
128141
128142
128145
128151
128152
128154
128161
128167
128174
128178
128197
128201
128204
128211
128213
128217
128221
128225
128230
128244
128247
128248
128251
128255
128260
128261
128265
128266
128267
128268
128273
128274
128279
128284
128288
128289
128291
128296
128299
128305
128314
128315
128318
128321
128323
128327
128331
128338
128344
128347
128361
128362
128363
128364
128373
128381
128383
128388
128390
128394
128403
128411
128417
128422
128424
128430
128431
128438
128440
128443
128446
128448
128461
128473
128486
128488
128489
128490
128494
128499
128504
128521
128525
128531
128533
128534
128535
128542
128546
128548
128551
128556
128565
128574
128578
128580
128588
128594
128596
128599
128603
128604
128607
128616
128626
128629
128630
128638
128647
128649
128651
128653
128657
128661
128664
128671
128680
128682
128715
128721
128726
128736
128740
128743
128746
128754
128758
128770
128779
128781
128783
128786
128791
128794
128795
128796
128799
128808
128809
128811
128814
128818
128819
128821
128826
128829
128830
128835
128840
128841
128850
128851
128857
128858
128866
128867
128872
128876
128878
128882
128884
128885
128894
128901
128907
128912
128922
128926
128927
128931
128944
128946
128951
128953
128955
128958
128963
128964
128967
128971
128986
128991
128996
128997
128999
129001
129012
129014
129023
129026
129029
129032
129035
129042
129044
129046
129051
129052
129054
129058
129059
129060
129070
129073
129076
129078
129084
129086
129097
129107
129110
129116
129118
129120
129127
129129
129132
129135
129138
129143
129146
129150
129153
129154
129156
129162
129163
129168
129176
129179
129181
129183
129191
129196
129200
129202
129203
129210
129211
129213
129215
129216
129217
129218
129220
129224
129228
129230
129237
129244
129245
129246
129248
129257
129261
129262
129263
129274
129276
129277
129278
129280
129289
129290
129295
129296
129298
129300
129307
129310
129312
129313
129314
129316
129317
129320
129323
129324
129327
129328
129335
129345
129347
129348
129350
129352
129358
129362
129370
129374
129376
129381
129383
129387
129390
129400
129404
129408
129411
129413
129418
129423
129425
129426
129429
129434
129436
129450
129452
129464
129472
129477
129480
129485
129495
129497
129498
129501
129503
129510
129520
129522
129527
129529
129540
129542
129551
129554
129556
129569
129571
129581
129582
129583
129592
129595
129614
129619
129622
129640
129644
129645
129649
129654
129660
129665
129666
129670
129674
129677
129680
129684
129689
129691
129703
129705
129710
129712
129718
129720
129722
129725
129730
129744
129747
129750
129762
129768
129769
129779
129788
129792
129796
129797
129801
129802
129803
129809
129811
129813
129814
129819
129825
129828
129842
129849
129860
129863
129872
129873
129874
129884
129892
129895
129896
129904
129905
129908
129909
129912
129916
129920
129934
129936
129938
129944
129952
129963
129973
129975
129981
129986
129993
130001
130004
130006
130013
130018
130019
130031
130032
130033
130037
130039
130040
130047
130052
130060
130068
130070
130071
130074
130076
130083
130095
130104
130111
130117
130118
130123
130127
130135
130138
130149
130156
130162
130164
130166
130175
130182
130183
130188
130190
130198
130199
130200
130212
130228
130234
130235
130236
130247
130248
130250
130256
130272
130273
130276
130277
130279
130287
130289
130291
130295
130300
130312
130315
130317
130322
130332
130333
130337
130338
130341
130344
130345
130348
130350
130355
130356
130378
130386
130388
130402
130403
130407
130414
130420
130421
130424
130425
130427
130431
130442
130452
130460
130464
130466
130470
130482
130484
130485
130510
130521
130525
130527
130528
130532
130533
130540
130542
130546
130547
130550
130557
130561
130565
130569
130570
130578
130589
130601
130607
130608
130611
130615
130627
130629
130630
130631
130633
130635
130641
130644
130645
130651
130658
130660
130671
130677
130681
130683
130691
130697
130708
130715
130721
130724
130727
130731
130733
130752
130758
130759
130766
130773
130774
130782
130786
130789
130792
130794
130806
130808
130815
130819
130822
130823
130825
130830
130833
130840
130855
130859
130862
130870
130874
130875
130878
130879
130894
130896
130901
130903
130904
130906
130920
130922
130923
130924
130938
130939
130940
130947
130948
130960
130961
130962
130969
130970
130975
130984
130986
130987
130992
130999
131003
131022
131034
131035
131037
131038
131051
131053
131066
131070
131082
131092
131102
131103
131105
131110
131115
131119
131121
131124
131125
131130
131131
131134
131145
131148
131149
131159
131162
131165
131182
131183
131186
131188
131194
131197
131206
131211
131214
131217
131218
131221
131222
131226
131228
131230
131237
131238
131239
131240
131241
131246
131247
131251
131259
131262
131266
131267
131268
131271
131276
131278
131280
131293
131298
131302
131304
131305
131311
131312
131314
131326
131336
131339
131345
131347
131371
131372
131373
131374
131375
131378
131381
131382
131392
131393
131396
131401
131406
131408
131409
131415
131423
131424
131434
131437
131440
131444
131445
131449
131452
131454
131458
131461
131462
131464
131468
131472
131478
131491
131492
131511
131513
131514
131515
131517
131534
131541
131543
131548
131554
131561
131566
131568
131569
131571
131572
131573
131576
131577
131579
131583
131589
131596
131597
131610
131614
131618
131620
131625
131626
131632
131635
131653
131656
131658
131664
131667
131669
131672
131678
131680
131683
131684
131692
131694
131698
131711
131712
131717
131718
131722
131726
131728
131741
131745
131752
131757
131758
131762
131767
131768
131770
131773
131775
131776
131789
131796
131814
131820
131833
131844
131853
131859
131861
131871
131872
131878
131887
131893
131899
131901
131905
131906
131916
131920
131925
131931
131939
131941
131943
131944
131945
131958
131960
131961
131962
131980
131981
131986
131990
131992
131995
131997
132004
132008
132009
132016
132024
132035
132040
132049
132050
132051
132068
132069
132072
132076
132080
132083
132085
132086
132089
132095
132096
132100
132103
132107
132110
132114
132120
132122
132123
132125
132129
132138
132141
132142
132147
132148
132158
132161
132167
132172
132175
132176
132182
132187
132194
132195
132196
132201
132203
132205
132206
132208
132210
132213
132216
132221
132222
132223
132227
132229
132231
132246
132249
132251
132253
132255
132267
132275
132278
132281
132283
132284
132287
132296
132299
132302
132308
132312
132314
132320
132329
132330
132333
132340
132343
132344
132350
132355
132356
132358
132361
132362
132376
132381
132382
132390
132398
132414
132421
132422
132426
132429
132432
132436
132438
132440
132443
132447
132448
132453
132460
132464
132466
132469
132471
132474
132483
132490
132492
132499
132508
132513
132524
132526
132528
132537
132538
132560
132573
132584
132587
132592
132593
132596
132601
132602
132606
132608
132614
132616
132620
132622
132628
132629
132630
132633
132638
132642
132653
132661
132667
132669
132678
132679
132682
132685
132686
132692
132698
132701
132708
132713
132714
132715
132724
132725
132732
132733
132744
132748
132750
132751
132752
132753
132758
132759
132762
132765
132773
132777
132778
132791
132792
132795
132797
132798
132812
132817
132818
132819
132820
132822
132823
132825
132829
132835
132838
132841
132852
132873
132877
132881
132882
132884
132885
132888
132890
132891
132893
132908
132916
132918
132923
132924
132932
132933
132935
132943
132944
132945
132950
132951
132952
132962
132967
132969
132970
132971
132973
132974
132976
132979
132992
132994
132995
133000
133003
133004
133008
133014
133021
133026
133034
133037
133038
133049
133050
133051
133052
133057
133061
133066
133067
133070
133083
133093
133099
133106
133125
133133
133134
133135
133144
133151
133153
133155
133168
133169
133171
133174
133177
133192
133193
133198
133203
133205
133207
133214
133219
133221
133222
133225
133226
133233
133235
133236
133238
133239
133246
133261
133273
133276
133280
133293
133304
133308
133309
133314
133317
133322
133327
133334
133345
133346
133352
133353
133356
133365
133366
133368
133372
133390
133391
133401
133413
133414
133417
133420
133439
133442
133446
133448
133452
133454
133455
133456
133459
133462
133464
133467
133475
133476
133482
133485
133486
133498
133502
133507
133511
133521
133527
133528
133531
133549
133550
133554
133558
133560
133566
133567
133568
133577
133578
133585
133597
133598
133605
133606
133610
133616
133619
133620
133621
133625
133628
133630
133635
133646
133650
133660
133667
133671
133674
133678
133679
133682
133687
133696
133703
133707
133708
133711
133717
133721
133723
133731
133734
133743
133746
133747
133761
133765
133779
133781
133782
133788
133790
133795
133796
133799
133803
133806
133807
133809
133814
133817
133820
133830
133832
133836
133838
133847
133856
133867
133868
133874
133879
133889
133898
133903
133916
133924
133929
133932
133934
133937
133944
133952
133955
133957
133962
133972
133979
133980
133983
133996
134001
134003
134005
134008
134013
134025
134030
134032
134037
134039
134040
134049
134053
134055
134057
134059
134061
134062
134064
134065
134066
134074
134077
134079
134081
134085
134088
134096
134097
134103
134110
134117
134118
134121
134124
134126
134132
134134
134137
134139
134142
134144
134151
134152
134159
134165
134167
134170
134174
134176
134177
134180
134185
134192
134199
134200
134201
134202
134206
134207
134209
134210
134211
134213
134221
134222
134229
134230
134231
134238
134242
134244
134245
134246
134248
134249
134251
134252
134256
134259
134260
134261
134262
134263
134266
134267
134269
134273
134275
134276
134282
134286
134289
134294
134301
134307
134313
134315
134319
134329
134334
134337
134340
134344
134364
134365
134368
134376
134380
134391
134392
134398
134400
134404
134406
134408
134414
134419
134424
134427
134434
134446
134448
134449
134450
134451
134452
134455
134469
134470
134483
134489
134493
134501
134504
134505
134516
134522
134528
134533
134534
134542
134544
134550
134553
134559
134560
134561
134562
134565
134571
134572
134574
134575
134576
134586
134591
134595
134599
134608
134609
134619
134624
134639
134641
134651
134655
134656
134664
134668
134669
134675
134679
134687
134688
134693
134694
134698
134701
134713
134720
134725
134738
134740
134744
134748
134754
134755
134759
134761
134777
134781
134784
134788
134793
134797
134802
134805
134821
134825
134826
134844
134847
134849
134853
134855
134862
134863
134868
134872
134873
134884
134886
134891
134895
134898
134905
134909
134910
134913
134914
134916
134917
134921
134926
134927
134928
134929
134948
134957
134959
134961
134967
134970
134975
134992
135001
135002
135004
135008
135014
135035
135037
135039
135040
135046
135056
135063
135066
135072
135079
135080
135087
135091
135094
135098
135107
135111
135113
135116
135121
135122
135136
135138
135145
135158
135160
135162
135167
135173
135174
135183
135184
135191
135192
135194
135204
135211
135221
135224
135228
135236
135255
135263
135266
135271
135273
135274
135285
135287
135288
135292
135294
135299
135302
135307
135311
135321
135323
135325
135326
135332
135335
135358
135362
135365
135367
135368
135369
135376
135378
135381
135383
135394
135400
135402
135404
135408
135414
135415
135418
135428
135430
135441
135443
135444
135445
135447
135458
135463
135467
135475
135479
135481
135482
135487
135490
135494
135496
135504
135505
135525
135526
135532
135543
135544
135548
135550
135552
135555
135558
135565
135568
135571
135573
135591
135592
135593
135596
135602
135603
135604
135610
135630
135631
135634
135636
135637
135640
135641
135655
135662
135667
135670
135676
135693
135699
135703
135705
135714
135719
135728
135730
135737
135740
135744
135749
135757
135758
135761
135763
135765
135768
135770
135771
135772
135774
135779
135782
135786
135797
135801
135808
135809
135810
135811
135818
135822
135826
135829
135835
135843
135844
135845
135851
135858
135860
135866
135872
135883
135895
135916
135918
135921
135923
135925
135932
135936
135937
135941
135947
135949
135957
135958
135961
135963
135968
135969
135976
135982
135988
135989
135991
135993
135998
136007
136015
136016
136017
136020
136022
136024
136031
136035
136036
136039
136041
136044
136046
136047
136049
136052
136053
136057
136065
136066
136070
136073
136074
136076
136083
136087
136088
136096
136097
136102
136104
136107
136111
136112
136118
136121
136129
136131
136133
136139
136145
136154
136158
136161
136167
136177
136178
136179
136192
136202
136206
136207
136212
136215
136219
136221
136225
136227
136231
136232
136233
136243
136250
136254
136255
136256
136262
136267
136274
136275
136277
136296
136297
136302
136305
136310
136311
136314
136318
136325
136326
136329
136337
136343
136349
136358
136369
136375
136377
136381
136383
136385
136396
136405
136407
136414
136415
136419
136424
136428
136430
136438
136440
136443
136448
136452
136469
136473
136487
136493
136496
136500
136501
136504
136507
136510
136512
136518
136523
136527
136529
136535
136536
136549
136554
136568
136570
136571
136580
136591
136607
136621
136624
136628
136632
136636
136644
136645
136659
136664
136676
136681
136682
136683
136695
136699
136704
136707
136711
136727
136728
136732
136733
136734
136736
136743
136744
136746
136749
136750
136751
136754
136758
136768
136770
136795
136811
136814
136817
136825
136826
136831
136840
136841
136848
136853
136860
136866
136867
136871
136873
136874
136877
136887
136895
136896
136898
136903
136926
136928
136934
136946
136956
136961
136962
136968
136972
136974
136979
136980
136981
136984
136987
136992
136993
136999
137007
137010
137020
137029
137049
137054
137059
137064
137068
137079
137080
137090
137095
137097
137098
137100
137102
137107
137108
137109
137113
137123
137138
137145
137155
137159
137163
137165
137167
137168
137176
137179
137189
137190
137198
137200
137209
137212
137213
137217
137218
137226
137231
137232
137234
137243
137244
137258
137260
137263
137267
137270
137272
137282
137283
137288
137304
137309
137312
137339
137342
137344
137345
137347
137354
137357
137359
137360
137366
137372
137374
137375
137381
137383
137385
137395
137405
137409
137416
137417
137423
137425
137433
137435
137443
137444
137452
137463
137464
137467
137471
137478
137483
137484
137489
137492
137493
137495
137499
137500
137501
137508
137512
137521
137526
137528
137530
137532
137534
137545
137546
137547
137556
137559
137563
137571
137574
137587
137592
137598
137607
137608
137609
137612
137613
137616
137621
137622
137624
137631
137632
137633
137642
137643
137647
137648
137650
137651
137652
137654
137657
137667
137668
137674
137681
137683
137684
137688
137691
137693
137694
137696
137697
137699
137709
137711
137716
137718
137729
137733
137739
137741
137747
137749
137754
137760
137768
137771
137781
137784
137793
137795
137796
137797
137800
137801
137817
137823
137824
137825
137829
137834
137836
137839
137840
137841
137850
137854
137859
137861
137880
137884
137886
137890
137892
137895
137900
137903
137905
137906
137914
137915
137918
137920
137924
137927
137934
137941
137949
137953
137954
137955
137958
137978
137988
137990
137997
138003
138010
138018
138024
138029
138035
138039
138040
138046
138047
138056
138057
138058
138066
138067
138070
138075
138077
138083
138084
138111
138114
138126
138127
138128
138129
138132
138135
138136
138141
138150
138151
138152
138153
138156
138162
138165
138167
138181
138189
138194
138204
138206
138211
138215
138226
138236
138237
138240
138243
138245
138249
138257
138258
138276
138279
138280
138284
138289
138295
138297
138299
138307
138308
138315
138319
138321
138324
138328
138329
138340
138349
138353
138356
138362
138380
138385
138386
138390
138391
138396
138399
138400
138403
138410
138415
138418
138434
138442
138453
138458
138461
138466
138469
138473
138477
138479
138485
138486
138488
138493
138494
138511
138512
138515
138518
138520
138522
138534
138539
138542
138543
138547
138552
138558
138561
138565
138566
138567
138572
138573
138580
138586
138587
138588
138591
138593
138595
138598
138600
138606
138624
138627
138628
138630
138637
138638
138644
138653
138661
138667
138668
138670
138672
138678
138686
138690
138697
138701
138703
138712
138717
138718
138721
138724
138729
138738
138742
138743
138745
138755
138756
138762
138769
138770
138772
138778
138780
138781
138787
138791
138795
138797
138798
138803
138804
138808
138811
138815
138818
138822
138829
138830
138831
138836
138843
138849
138852
138871
138877
138883
138885
138892
138895
138902
138909
138925
138930
138931
138934
138937
138938
138945
138949
138956
138959
138970
138973
138975
138976
138983
138986
138991
138992
138993
138995
139001
139005
139007
139009
139014
139016
139020
139032
139035
139042
139056
139057
139058
139060
139061
139062
139066
139068
139074
139075
139076
139079
139085
139091
139096
139111
139116
139117
139118
139126
139129
139134
139135
139138
139140
139147
139152
139160
139166
139175
139178
139179
139189
139192
139193
139196
139200
139201
139203
139205
139208
139210
139211
139229
139241
139242
139257
139267
139278
139279
139280
139284
139291
139292
139293
139294
139295
139301
139306
139307
139309
139310
139313
139317
139318
139319
139326
139334
139338
139340
139341
139347
139358
139363
139365
139366
139369
139389
139397
139402
139407
139409
139418
139427
139430
139432
139443
139444
139453
139457
139459
139465
139466
139473
139474
139478
139484
139491
139497
139499
139502
139503
139510
139513
139515
139522
139525
139528
139535
139538
139542
139548
139553
139557
139566
139569
139591
139607
139610
139617
139628
139634
139636
139637
139643
139651
139653
139664
139665
139666
139668
139669
139678
139681
139683
139685
139692
139698
139699
139701
139702
139704
139706
139710
139712
139713
139715
139720
139724
139725
139728
139729
139739
139747
139755
139759
139767
139768
139769
139771
139776
139777
139780
139805
139806
139808
139811
139823
139828
139842
139845
139848
139852
139857
139865
139868
139871
139874
139875
139878
139888
139891
139892
139894
139899
139902
139907
139908
139910
139911
139914
139924
139934
139936
139938
139960
139962
139977
139982
139989
139995
139998
140000
140003
140009
140013
140019
140021
140026
140030
140036
140043
140053
140054
140059
140064
140069
140072
140075
140078
140087
140101
140105
140108
140120
140121
140126
140129
140130
140131
140137
140138
140139
140145
140150
140154
140156
140160
140163
140166
140170
140173
140180
140189
140195
140197
140198
140214
140215
140220
140228
140230
140232
140246
140249
140251
140253
140254
140258
140259
140277
140281
140283
140289
140297
140303
140311
140313
140321
140323
140325
140330
140339
140340
140341
140342
140344
140348
140349
140363
140364
140365
140369
140371
140376
140377
140381
140382
140383
140384
140400
140401
140412
140418
140420
140421
140423
140424
140426
140428
140429
140431
140438
140450
140451
140462
140463
140464
140476
140478
140496
140498
140502
140503
140505
140517
140521
140523
140527
140532
140544
140547
140552
140557
140565
140566
140570
140576
140579
140585
140589
140594
140598
140602
140604
140610
140615
140627
140631
140634
140638
140641
140642
140650
140653
140654
140657
140658
140673
140675
140679
140685
140688
140694
140695
140706
140707
140713
140717
140723
140725
140727
140745
140749
140750
140752
140775
140778
140781
140784
140785
140786
140788
140797
140799
140810
140812
140826
140830
140834
140836
140838
140845
140846
140869
140871
140873
140874
140876
140890
140894
140901
140905
140915
140916
140924
140927
140935
140936
140940
140954
140959
140961
140975
140980
140986
140987
140988
140993
140997
141000
141004
141014
141016
141020
141031
141036
141037
141042
141044
141046
141049
141052
141053
141054
141055
141056
141057
141058
141063
141068
141075
141078
141081
141082
141095
141097
141099
141100
141103
141109
141117
141118
141123
141124
141127
141132
141135
141155
141158
141160
141163
141174
141176
141178
141189
141192
141194
141197
141201
141204
141209
141216
141225
141229
141243
141256
141257
141264
141265
141267
141274
141278
141284
141289
141297
141303
141306
141307
141319
141327
141328
141329
141332
141336
141350
141355
141356
141357
141358
141362
141377
141381
141387
141388
141389
141390
141393
141403
141412
141414
141415
141420
141421
141422
141424
141426
141428
141433
141441
141449
141450
141461
141462
141467
141481
141485
141486
141489
141490
141493
141495
141499
141501
141504
141510
141513
141520
141523
141526
141527
141529
141536
141546
141548
141550
141555
141558
141575
141583
141591
141593
141603
141605
141607
141609
141613
141622
141623
141626
141635
141639
141640
141642
141657
141667
141677
141681
141682
141685
141690
141692
141695
141696
141697
141701
141705
141708
141710
141712
141713
141716
141717
141720
141721
141727
141728
141730
141734
141739
141744
141758
141760
141765
141768
141769
141773
141777
141779
141795
141796
141797
141801
141804
141806
141807
141812
141816
141817
141819
141822
141826
141833
141835
141842
141848
141854
141857
141862
141866
141869
141873
141874
141879
141880
141881
141882
141886
141892
141896
141899
141903
141912
141914
141915
141917
141918
141922
141927
141943
141955
141960
141982
141994
141996
142012
142016
142021
142022
142024
142026
142029
142038
142044
142047
142065
142070
142085
142091
142098
142101
142102
142108
142120
142131
142136
142143
142147
142150
142152
142157
142165
142175
142178
142180
142181
142186
142190
142194
142202
142205
142206
142207
142208
142209
142216
142223
142247
142264
142267
142270
142278
142283
142285
142297
142303
142304
142309
142310
142312
142314
142316
142318
142319
142321
142322
142324
142329
142333
142336
142342
142353
142357
142366
142368
142371
142378
142380
142398
142400
142405
142411
142413
142419
142422
142423
142432
142433
142437
142446
142452
142469
142470
142479
142480
142483
142484
142485
142489
142493
142503
142506
142507
142511
142518
142520
142524
142527
142528
142529
142530
142532
142537
142540
142543
142549
142550
142551
142552
142569
142570
142586
142599
142605
142607
142612
142613
142620
142621
142623
142625
142627
142630
142637
142642
142643
142650
142653
142655
142657
142658
142661
142666
142673
142679
142680
142683
142686
142691
142693
142697
142698
142699
142701
142703
142709
142714
142719
142720
142722
142729
142738
142741
142746
142748
142758
142765
142771
142780
142785
142794
142802
142807
142817
142830
142832
142838
142841
142842
142844
142850
142851
142852
142859
142864
142866
142867
142870
142873
142879
142883
142891
142897
142913
142919
142920
142926
142930
142931
142932
142938
142939
142940
142941
142942
142946
142951
142953
142966
142983
142987
142988
142990
142995
142996
142997
143000
143003
143004
143005
143007
143011
143013
143015
143017
143020
143024
143028
143037
143040
143048
143049
143051
143053
143056
143057
143058
143066
143067
143077
143079
143082
143090
143097
143104
143105
143113
143120
143128
143132
143135
143141
143142
143146
143147
143156
143158
143159
143161
143169
143170
143172
143174
143179
143181
143189
143201
143207
143208
143212
143214
143215
143218
143227
143232
143234
143239
143241
143243
143244
143256
143262
143263
143266
143269
143271
143278
143284
143288
143300
143301
143302
143306
143317
143326
143328
143334
143335
143336
143342
143344
143346
143355
143358
143360
143361
143363
143369
143373
143375
143383
143385
143394
143398
143412
143414
143418
143426
143427
143428
143432
143437
143441
143446
143453
143456
143457
143466
143479
143483
143486
143491
143492
143496
143497
143503
143511
143517
143521
143522
143527
143531
143537
143540
143544
143547
143550
143552
143554
143560
143566
143573
143575
143582
143583
143587
143593
143597
143599
143615
143623
143624
143628
143635
143638
143643
143645
143655
143658
143661
143664
143666
143669
143676
143685
143687
143689
143694
143698
143702
143703
143704
143705
143711
143714
143722
143732
143739
143741
143743
143745
143750
143759
143767
143769
143780
143784
143787
143788
143789
143805
143808
143815
143827
143828
143830
143837
143842
143848
143849
143852
143861
143863
143870
143871
143872
143873
143878
143882
143883
143886
143890
143901
143902
143906
143914
143917
143922
143928
143933
143935
143948
143950
143958
143962
143976
143981
143986
143990
143995
144001
144005
144013
144014
144016
144020
144021
144031
144032
144048
144062
144063
144066
144076
144079
144086
144093
144096
144097
144105
144111
144112
144115
144127
144132
144135
144139
144149
144156
144158
144159
144163
144167
144170
144188
144191
144195
144198
144199
144206
144207
144209
144211
144220
144221
144225
144229
144239
144240
144242
144245
144250
144253
144254
144265
144266
144267
144268
144280
144291
144293
144295
144299
144301
144308
144310
144325
144327
144328
144335
144340
144356
144358
144369
144376
144379
144383
144385
144387
144389
144390
144395
144400
144403
144407
144413
144417
144420
144441
144442
144443
144446
144463
144469
144475
144478
144490
144491
144498
144504
144507
144511
144514
144525
144527
144529
144534
144537
144552
144560
144564
144566
144569
144583
144587
144588
144593
144594
144597
144608
144609
144611
144617
144618
144621
144626
144628
144631
144633
144645
144652
144660
144669
144670
144675
144692
144693
144696
144709
144713
144714
144718
144721
144722
144727
144729
144730
144743
144747
144748
144750
144751
144753
144757
144762
144768
144774
144776
144777
144778
144791
144794
144796
144799
144802
144805
144808
144809
144813
144821
144822
144826
144831
144837
144840
144845
144851
144854
144857
144859
144862
144863
144883
144886
144891
144894
144895
144902
144904
144908
144910
144911
144916
144922
144933
144939
144949
144966
144968
144971
144973
144974
144982
144991
144993
144995
144998
144999
145002
145003
145008
145015
145018
145035
145036
145038
145042
145043
145048
145049
145050
145052
145057
145065
145066
145067
145069
145076
145080
145087
145088
145090
145094
145099
145100
145112
145113
145114
145118
145130
145137
145146
145150
145153
145154
145158
145165
145172
145176
145178
145185
145189
145190
145194
145195
145199
145205
145211
145217
145219
145235
145237
145239
145246
145256
145266
145276
145289
145292
145295
145299
145301
145312
145316
145319
145322
145325
145330
145332
145336
145338
145351
145355
145358
145359
145360
145371
145375
145380
145381
145382
145383
145391
145399
145404
145406
145411
145412
145413
145421
145422
145423
145430
145435
145437
145439
145442
145447
145452
145456
145458
145462
145463
145464
145471
145475
145476
145486
145495
145503
145509
145510
145513
145520
145521
145522
145527
145534
145536
145538
145539
145548
145552
145553
145559
145560
145568
145569
145574
145579
145588
145597
145600
145606
145610
145611
145616
145617
145622
145623
145624
145625
145626
145629
145630
145633
145637
145641
145642
145646
145649
145651
145654
145659
145667
145681
145682
145683
145684
145698
145700
145712
145716
145718
145722
145747
145748
145759
145767
145770
145779
145785
145787
145790
145798
145802
145805
145815
145816
145817
145819
145821
145832
145834
145841
145848
145855
145860
145861
145862
145867
145870
145874
145881
145901
145913
145914
145918
145919
145929
145935
145937
145941
145944
145945
145949
145961
145966
145973
145977
145987
145993
146002
146003
146005
146006
146017
146019
146030
146031
146038
146045
146051
146067
146078
146083
146096
146114
146115
146117
146131
146133
146134
146139
146145
146146
146150
146158
146160
146163
146173
146190
146199
146217
146221
146230
146237
146238
146245
146247
146250
146259
146260
146262
146266
146270
146273
146280
146281
146298
146301
146310
146316
146324
146332
146344
146347
146351
146354
146358
146360
146361
146364
146368
146369
146375
146377
146382
146383
146386
146389
146391
146395
146397
146400
146412
146413
146418
146420
146421
146436
146437
146438
146439
146441
146445
146450
146465
146468
146485
146497
146498
146501
146503
146505
146517
146520
146523
146525
146528
146530
146534
146539
146548
146552
146553
146557
146561
146567
146570
146573
146578
146582
146583
146586
146588
146590
146592
146599
146600
146624
146627
146629
146633
146650
146668
146686
146687
146689
146691
146692
146696
146707
146712
146713
146715
146718
146720
146721
146723
146741
146743
146745
146748
146754
146760
146766
146767
146769
146776
146779
146785
146787
146788
146791
146805
146807
146808
146812
146818
146832
146833
146834
146850
146853
146855
146857
146858
146865
146881
146884
146887
146890
146892
146905
146910
146912
146914
146915
146924
146925
146928
146933
146940
146951
146953
146954
146956
146965
146982
146984
146985
146986
146990
146993
147003
147009
147020
147022
147028
147037
147038
147046
147052
147060
147061
147062
147071
147074
147081
147092
147094
147097
147102
147104
147112
147115
147117
147118
147120
147129
147135
147136
147140
147143
147144
147146
147176
147181
147183
147188
147190
147191
147192
147198
147201
147202
147220
147221
147225
147252
147258
147259
147262
147264
147269
147274
147277
147284
147289
147300
147301
147308
147313
147314
147325
147333
147345
147351
147358
147360
147362
147363
147372
147374
147381
147385
147389
147391
147396
147399
147400
147405
147408
147416
147418
147425
147429
147438
147439
147444
147445
147449
147451
147460
147461
147471
147505
147506
147507
147508
147509
147513
147519
147521
147527
147528
147538
147542
147543
147545
147548
147551
147552
147554
147555
147564
147570
147571
147575
147578
147590
147600
147608
147611
147613
147616
147621
147626
147636
147640
147644
147650
147656
147661
147680
147685
147693
147703
147705
147709
147710
147712
147716
147719
147729
147733
147736
147750
147753
147763
147778
147780
147783
147792
147793
147799
147807
147813
147816
147825
147835
147840
147844
147849
147864
147867
147873
147881
147882
147886
147897
147899
147901
147903
147904
147909
147911
147912
147918
147920
147923
147927
147930
147933
147940
147941
147946
147948
147954
147955
147959
147976
147979
147981
147983
147987
147989
147995
147997
148013
148021
148022
148030
148031
148037
148042
148044
148048
148049
148061
148062
148070
148076
148085
148086
148093
148097
148105
148116
148118
148123
148125
148128
148130
148133
148157
148159
148160
148164
148168
148169
148170
148181
148190
148198
148200
148202
148203
148217
148226
148231
148247
148251
148253
148271
148275
148279
148285
148288
148290
148297
148308
148309
148312
148314
148320
148332
148345
148346
148349
148353
148357
148366
148368
148373
148379
148395
148406
148407
148414
148420
148421
148425
148434
148439
148446
148448
148457
148459
148463
148466
148467
148469
148477
148478
148482
148483
148490
148491
148493
148495
148497
148500
148506
148508
148518
148523
148528
148546
148552
148555
148556
148559
148566
148573
148574
148582
148584
148586
148589
148590
148591
148595
148604
148608
148609
148618
148623
148627
148629
148630
148634
148637
148641
148644
148648
148664
148673
148675
148682
148685
148686
148687
148689
148692
148696
148710
148715
148718
148724
148726
148729
148745
148750
148757
148759
148764
148768
148769
148770
148773
148779
148781
148784
148785
148794
148796
148800
148806
148822
148829
148839
148840
148841
148845
148846
148847
148854
148866
148884
148890
148891
148899
148902
148906
148915
148917
148918
148923
148936
148947
148949
148950
148953
148961
148970
148971
148978
148986
148995
149012
149015
149018
149023
149029
149032
149034
149040
149045
149046
149048
149050
149059
149064
149066
149067
149071
149080
149084
149086
149089
149090
149091
149095
149098
149120
149126
149129
149130
149134
149135
149138
149149
149153
149155
149160
149162
149173
149183
149184
149187
149193
149195
149197
149200
149210
149213
149215
149219
149220
149223
149224
149232
149234
149236
149241
149242
149244
149249
149259
149265
149267
149268
149269
149270
149271
149272
149282
149284
149293
149294
149299
149308
149323
149326
149333
149338
149339
149343
149359
149368
149372
149375
149376
149384
149385
149391
149392
149393
149394
149411
149416
149423
149430
149439
149443
149445
149448
149459
149460
149467
149473
149475
149476
149480
149481
149483
149489
149491
149495
149502
149505
149507
149516
149522
149526
149528
149530
149538
149545
149548
149549
149551
149554
149556
149558
149559
149560
149565
149575
149576
149584
149588
149597
149605
149614
149616
149617
149620
149628
149631
149632
149636
149639
149642
149645
149649
149656
149661
149665
149671
149674
149678
149679
149680
149682
149683
149686
149688
149689
149692
149699
149707
149710
149720
149728
149730
149732
149736
149746
149747
149748
149751
149754
149755
149757
149759
149765
149766
149774
149781
149783
149784
149805
149811
149814
149822
149824
149830
149832
149841
149843
149848
149853
149859
149864
149865
149876
149882
149886
149888
149891
149893
149895
149909
149911
149912
149919
149920
149945
149946
149953
149955
149958
149960
149963
149966
149968
149974
149981
149984
149985
149996
150000
150005
150010
150012
150016
150017
150018
150019
150027
150030
150038
150043
150053
150054
150070
150075
150079
150091
150101
150102
150103
150108
150109
150116
150121
150130
150142
150146
150151
150155
150157
150162
150163
150166
150172
150188
150192
150193
150198
150199
150216
150221
150222
150232
150233
150243
150247
150248
150250
150257
150258
150261
150265
150266
150278
150281
150284
150285
150286
150289
150295
150298
150300
150306
150311
150321
150327
150330
150335
150337
150340
150358
150361
150367
150368
150373
150375
150376
150378
150384
150387
150391
150398
150399
150412
150414
150417
150420
150421
150424
150428
150440
150447
150450
150457
150463
150465
150476
150478
150498
150508
150510
150527
150534
150540
150542
150545
150549
150552
150555
150558
150560
150564
150565
150567
150572
150583
150596
150601
150602
150608
150611
150613
150616
150629
150637
150640
150643
150645
150646
150647
150650
150654
150655
150657
150659
150665
150667
150678
150680
150684
150688
150695
150698
150700
150701
150708
150709
150712
150713
150718
150721
150737
150742
150744
150747
150756
150758
150764
150767
150785
150787
150789
150793
150803
150806
150817
150818
150835
150839
150841
150846
150860
150861
150862
150863
150874
150876
150879
150883
150890
150900
150904
150906
150913
150915
150917
150918
150919
150921
150932
150933
150951
150952
150954
150956
150958
150965
150972
150973
150975
150978
150979
150980
150991
150993
150998
150999
151005
151009
151016
151024
151032
151034
151040
151043
151044
151051
151067
151069
151070
151078
151081
151082
151086
151092
151094
151096
151097
151100
151102
151106
151108
151109
151112
151119
151129
151152
151154
151155
151165
151168
151170
151171
151173
151185
151187
151195
151208
151213
151218
151223
151236
151239
151247
151250
151253
151257
151259
151262
151265
151268
151272
151273
151282
151297
151308
151310
151319
151322
151327
151328
151330
151333
151334
151338
151339
151343
151344
151345
151349
151352
151363
151366
151376
151377
151379
151387
151390
151401
151404
151407
151408
151409
151410
151416
151417
151418
151424
151427
151428
151439
151446
151448
151452
151455
151467
151485
151490
151497
151512
151519
151520
151521
151529
151533
151537
151543
151547
151548
151561
151565
151568
151573
151580
151583
151585
151586
151587
151590
151592
151595
151600
151608
151611
151618
151623
151624
151629
151630
151634
151637
151642
151643
151676
151682
151685
151692
151695
151706
151707
151710
151711
151719
151721
151724
151726
151728
151732
151744
151748
151749
151760
151765
151767
151770
151774
151776
151797
151800
151804
151805
151806
151813
151814
151815
151816
151821
151822
151826
151829
151834
151835
151836
151839
151857
151863
151867
151870
151873
151874
151877
151880
151889
151892
151895
151898
151914
151924
151927
151929
151934
151936
151940
151941
151942
151948
151953
151955
151962
151963
151965
151967
151969
151970
151978
151983
151985
151986
152002
152010
152011
152016
152026
152029
152030
152033
152034
152039
152040
152041
152047
152048
152049
152060
152064
152065
152071
152075
152079
152084
152097
152100
152102
152110
152114
152115
152118
152121
152128
152132
152134
152147
152152
152159
152163
152169
152174
152175
152177
152194
152196
152197
152199
152218
152225
152226
152237
152247
152251
152253
152257
152266
152267
152270
152278
152281
152283
152300
152302
152303
152304
152320
152332
152333
152337
152339
152342
152345
152347
152355
152391
152394
152395
152399
152404
152409
152413
152416
152418
152422
152424
152429
152430
152439
152444
152455
152456
152465
152470
152471
152475
152484
152487
152491
152492
152498
152499
152506
152511
152516
152517
152520
152529
152534
152540
152548
152550
152553
152561
152562
152566
152576
152579
152583
152588
152592
152600
152605
152607
152610
152611
152612
152614
152616
152617
152620
152623
152637
152642
152646
152659
152660
152666
152669
152675
152679
152685
152694
152699
152701
152703
152704
152707
152708
152709
152714
152727
152730
152735
152738
152741
152746
152750
152751
152753
152757
152761
152767
152768
152769
152775
152777
152785
152796
152798
152802
152810
152811
152817
152819
152834
152846
152854
152855
152864
152865
152867
152871
152888
152896
152903
152904
152905
152907
152911
152912
152913
152914
152915
152920
152923
152928
152931
152932
152937
152938
152941
152958
152961
152965
152970
152972
152975
152977
152979
152984
152987
153001
153006
153009
153012
153013
153015
153016
153020
153025
153029
153030
153031
153034
153035
153037
153042
153045
153048
153049
153050
153051
153058
153059
153064
153076
153079
153088
153097
153099
153104
153114
153128
153130
153131
153132
153134
153144
153147
153148
153149
153151
153155
153156
153160
153166
153167
153171
153177
153183
153186
153193
153194
153197
153211
153212
153213
153215
153216
153218
153219
153229
153233
153239
153248
153255
153256
153258
153262
153263
153264
153266
153268
153273
153283
153289
153290
153298
153304
153317
153322
153326
153329
153330
153332
153333
153339
153352
153353
153361
153366
153370
153379
153385
153399
153402
153418
153419
153432
153435
153439
153440
153442
153445
153451
153453
153455
153456
153459
153465
153475
153476
153480
153484
153488
153496
153497
153498
153513
153514
153518
153524
153526
153528
153529
153531
153533
153542
153550
153553
153564
153568
153569
153571
153573
153575
153579
153582
153586
153589
153596
153602
153609
153624
153627
153628
153632
153634
153637
153644
153649
153653
153659
153666
153671
153674
153675
153680
153686
153688
153689
153705
153709
153713
153714
153715
153717
153718
153719
153723
153724
153734
153739
153751
153754
153760
153779
153787
153790
153793
153794
153799
153805
153814
153820
153833
153842
153844
153846
153852
153853
153855
153863
153869
153870
153871
153872
153875
153878
153884
153889
153891
153892
153893
153899
153904
153908
153914
153916
153921
153947
153954
153960
153971
153972
153974
153978
153985
153987
153988
153990
153991
153993
154011
154012
154013
154014
154016
154028
154036
154037
154041
154045
154046
154048
154054
154056
154058
154061
154078
154081
154087
154088
154094
154098
154100
154105
154109
154110
154113
154120
154128
154130
154136
154137
154140
154145
154150
154158
154166
154171
154175
154176
154180
154194
154197
154199
154201
154212
154219
154228
154231
154238
154248
154252
154254
154255
154258
154267
154269
154270
154275
154287
154301
154317
154318
154322
154323
154338
154349
154354
154356
154363
154373
154377
154380
154382
154384
154387
154392
154394
154395
154397
154403
154406
154408
154412
154414
154420
154422
154423
154425
154428
154433
154436
154442
154449
154453
154461
154476
154482
154486
154488
154489
154490
154516
154518
154527
154538
154543
154544
154548
154558
154575
154581
154582
154585
154589
154593
154594
154595
154597
154602
154611
154612
154613
154624
154626
154635
154641
154643
154648
154649
154654
154661
154671
154680
154682
154689
154693
154699
154704
154707
154716
154722
154726
154728
154729
154734
154745
154747
154748
154749
154752
154754
154755
154758
154760
154766
154769
154771
154774
154778
154783
154784
154788
154791
154809
154810
154811
154812
154814
154819
154820
154825
154827
154828
154831
154847
154854
154855
154856
154858
154859
154862
154870
154871
154873
154876
154880
154887
154889
154890
154899
154909
154917
154922
154923
154925
154926
154931
154946
154954
154960
154964
154968
154973
154981
154989
154990
154994
155000
155007
155020
155030
155047
155050
155059
155066
155069
155070
155076
155077
155081
155083
155096
155097
155100
155104
155107
155113
155135
155145
155146
155153
155161
155166
155171
155174
155177
155187
155189
155191
155193
155197
155209
155210
155217
155226
155228
155237
155239
155241
155243
155244
155245
155247
155254
155264
155274
155277
155284
155286
155290
155291
155292
155293
155303
155305
155308
155310
155315
155320
155326
155327
155341
155342
155349
155350
155351
155352
155355
155358
155370
155378
155381
155383
155387
155390
155403
155406
155408
155410
155411
155423
155434
155436
155437
155444
155445
155453
155454
155455
155457
155458
155459
155461
155468
155470
155482
155491
155492
155493
155497
155499
155501
155504
155512
155516
155517
155523
155525
155533
155534
155548
155550
155578
155589
155591
155601
155612
155613
155614
155615
155623
155634
155644
155647
155654
155656
155659
155662
155665
155666
155672
155677
155678
155680
155682
155684
155695
155699
155704
155706
155709
155710
155718
155719
155721
155730
155731
155735
155740
155741
155742
155758
155771
155777
155792
155796
155811
155813
155820
155822
155835
155836
155859
155863
155864
155865
155869
155876
155881
155882
155891
155895
155904
155914
155923
155925
155927
155929
155931
155933
155936
155938
155939
155941
155942
155944
155946
155953
155956
155958
155966
155969
155974
155978
155983
155992
156001
156002
156003
156008
156009
156015
156016
156019
156020
156021
156022
156023
156024
156035
156039
156040
156062
156065
156066
156070
156083
156086
156095
156098
156103
156105
156109
156112
156113
156122
156124
156127
156128
156130
156135
156137
156141
156142
156143
156154
156169
156186
156193
156196
156202
156206
156213
156214
156215
156220
156225
156226
156232
156239
156243
156249
156262
156267
156268
156276
156280
156281
156285
156294
156298
156299
156306
156311
156325
156327
156330
156331
156336
156337
156351
156355
156357
156359
156363
156371
156373
156375
156377
156379
156387
156391
156395
156398
156399
156402
156407
156421
156430
156432
156434
156436
156448
156452
156453
156457
156458
156459
156460
156463
156468
156484
156486
156494
156500
156502
156503
156504
156507
156508
156509
156522
156523
156526
156529
156534
156538
156539
156540
156546
156548
156552
156556
156558
156560
156567
156576
156579
156588
156591
156592
156598
156603
156610
156612
156614
156615
156619
156623
156630
156631
156633
156640
156645
156647
156654
156656
156659
156677
156680
156681
156683
156686
156687
156688
156700
156701
156706
156707
156729
156736
156737
156739
156742
156744
156751
156754
156755
156760
156765
156767
156772
156776
156781
156787
156788
156792
156795
156796
156798
156801
156803
156807
156816
156823
156824
156826
156829
156834
156841
156842
156849
156850
156857
156864
156865
156869
156870
156873
156879
156886
156896
156897
156898
156902
156907
156910
156923
156925
156930
156931
156935
156936
156939
156943
156944
156953
156960
156964
156977
156979
156980
156983
156984
156987
156992
156996
156998
157000
157002
157005
157011
157016
157022
157028
157030
157043
157051
157053
157055
157059
157064
157066
157073
157076
157078
157083
157087
157090
157092
157097
157102
157104
157107
157109
157115
157119
157123
157125
157128
157134
157137
157138
157144
157145
157157
157162
157171
157172
157185
157186
157187
157188
157192
157195
157198
157199
157203
157204
157207
157211
157214
157223
157225
157232
157233
157235
157239
157246
157247
157248
157250
157251
157253
157257
157262
157273
157275
157276
157278
157282
157295
157297
157299
157305
157316
157326
157327
157328
157333
157340
157348
157353
157358
157364
157377
157378
157379
157381
157383
157397
157403
157404
157409
157410
157412
157416
157429
157431
157433
157435
157443
157450
157458
157465
157473
157474
157479
157483
157484
157488
157489
157491
157492
157493
157494
157497
157498
157499
157502
157511
157516
157522
157528
157530
157531
157533
157538
157541
157545
157547
157551
157563
157565
157566
157570
157574
157576
157583
157586
157588
157591
157594
157597
157599
157607
157612
157613
157616
157619
157626
157631
157644
157650
157655
157658
157664
157674
157676
157682
157684
157690
157700
157703
157706
157707
157718
157719
157724
157726
157732
157739
157743
157746
157749
157750
157754
157756
157757
157765
157769
157770
157774
157788
157790
157792
157795
157803
157819
157824
157827
157828
157832
157835
157837
157839
157843
157856
157863
157871
157873
157874
157876
157877
157886
157887
157891
157894
157895
157903
157910
157925
157936
157947
157952
157957
157959
157962
157967
157968
157982
157985
157988
157990
158001
158006
158007
158012
158017
158020
158023
158025
158035
158036
158044
158045
158049
158066
158069
158070
158081
158084
158094
158103
158107
158110
158112
158113
158119
158122
158128
158130
158140
158147
158148
158150
158154
158161
158166
158168
158171
158181
158189
158190
158193
158195
158199
158200
158215
158216
158217
158242
158243
158248
158252
158264
158268
158275
158278
158283
158299
158300
158305
158311
158320
158326
158342
158355
158359
158372
158374
158380
158387
158396
158397
158399
158402
158406
158408
158411
158413
158419
158421
158424
158426
158428
158430
158432
158434
158451
158456
158467
158472
158473
158488
158490
158492
158504
158505
158506
158525
158529
158531
158538
158543
158551
158556
158557
158558
158567
158568
158570
158575
158580
158588
158601
158602
158606
158608
158609
158612
158633
158635
158638
158650
158659
158661
158663
158664
158666
158673
158674
158678
158682
158693
158696
158704
158705
158707
158713
158715
158716
158725
158731
158747
158749
158751
158755
158762
158766
158770
158771
158772
158773
158775
158777
158791
158799
158807
158808
158811
158813
158823
158825
158836
158846
158851
158859
158862
158868
158885
158886
158903
158907
158908
158913
158918
158923
158930
158937
158939
158940
158949
158953
158958
158959
158964
158975
158997
159000
159002
159006
159007
159008
159014
159016
159020
159025
159030
159033
159036
159039
159043
159045
159047
159048
159050
159056
159057
159060
159065
159067
159068
159070
159073
159077
159084
159085
159087
159090
159093
159098
159101
159110
159116
159124
159126
159127
159131
159134
159140
159148
159152
159153
159156
159157
159158
159163
159166
159171
159176
159177
159184
159198
159199
159203
159204
159206
159207
159208
159215
159226
159230
159235
159236
159239
159243
159245
159247
159248
159249
159256
159267
159270
159271
159281
159285
159291
159292
159294
159300
159303
159316
159321
159322
159324
159326
159327
159330
159334
159346
159348
159356
159360
159369
159372
159374
159379
159389
159390
159395
159396
159398
159404
159413
159422
159424
159425
159427
159428
159432
159438
159443
159444
159456
159458
159462
159471
159474
159478
159485
159487
159488
159491
159494
159498
159506
159512
159531
159538
159542
159543
159544
159545
159548
159553
159554
159569
159572
159581
159583
159594
159598
159603
159615
159635
159636
159644
159651
159655
159658
159662
159663
159665
159666
159668
159675
159676
159684
159690
159691
159702
159705
159706
159715
159717
159718
159722
159726
159727
159735
159745
159748
159753
159756
159759
159764
159769
159773
159777
159782
159783
159789
159791
159794
159795
159796
159798
159803
159804
159808
159813
159814
159820
159824
159826
159831
159833
159843
159845
159853
159911
159916
159917
159925
159932
159938
159945
159952
159954
159956
159957
159966
159969
159970
159971
159976
159981
159986
159989
159997
160002
160007
160009
160015
160017
160023
160029
160041
160044
160049
160057
160067
160068
160070
160074
160075
160078
160081
160089
160090
160091
160094
160099
160102
160104
160105
160107
160108
160113
160117
160120
160123
160126
160128
160137
160144
160158
160166
160173
160175
160178
160180
160182
160186
160187
160189
160192
160194
160196
160204
160205
160213
160219
160220
160221
160230
160234
160235
160237
160243
160248
160249
160251
160258
160259
160266
160268
160276
160279
160281
160288
160290
160292
160295
160297
160307
160310
160311
160315
160326
160331
160332
160334
160338
160348
160349
160353
160358
160376
160385
160388
160389
160397
160402
160406
160407
160409
160413
160414
160418
160420
160421
160423
160426
160427
160429
160432
160440
160443
160447
160449
160452
160453
160462
160465
160466
160470
160471
160478
160479
160480
160483
160486
160492
160493
160497
160498
160512
160515
160534
160542
160543
160545
160547
160550
160551
160552
160564
160568
160573
160575
160577
160579
160580
160586
160587
160597
160601
160603
160605
160606
160607
160611
160620
160621
160624
160627
160628
160629
160636
160637
160640
160641
160645
160646
160648
160649
160650
160653
160654
160657
160661
160664
160666
160669
160693
160702
160710
160712
160717
160718
160726
160727
160730
160731
160732
160737
160742
160751
160753
160764
160767
160768
160773
160779
160783
160789
160797
160804
160811
160812
160816
160824
160827
160829
160835
160838
160849
160851
160857
160858
160868
160873
160875
160877
160878
160882
160893
160900
160910
160914
160915
160916
160921
160928
160933
160935
160938
160943
160962
160963
160964
160970
160971
160977
160981
160985
160986
160988
160993
160995
160999
161000
161011
161017
161019
161025
161032
161035
161036
161039
161047
161050
161065
161067
161085
161088
161091
161094
161096
161098
161100
161107
161111
161113
161115
161120
161136
161139
161140
161142
161152
161153
161155
161158
161163
161166
161170
161172
161174
161178
161191
161192
161194
161211
161212
161216
161221
161224
161227
161234
161235
161242
161243
161246
161248
161250
161251
161255
161257
161263
161265
161274
161275
161278
161287
161297
161301
161302
161303
161310
161313
161314
161317
161324
161330
161331
161335
161337
161342
161350
161353
161356
161361
161362
161366
161368
161372
161376
161377
161379
161380
161383
161384
161387
161389
161392
161398
161400
161401
161407
161409
161414
161418
161427
161431
161433
161439
161441
161446
161447
161452
161455
161460
161465
161466
161470
161471
161476
161478
161479
161489
161504
161506
161516
161517
161527
161528
161543
161545
161546
161551
161552
161555
161556
161571
161573
161577
161580
161581
161582
161588
161592
161593
161594
161595
161596
161599
161605
161612
161622
161623
161625
161628
161637
161645
161647
161649
161655
161656
161659
161665
161666
161675
161681
161682
161688
161691
161695
161697
161707
161724
161726
161732
161737
161740
161750
161754
161757
161759
161761
161768
161777
161785
161788
161789
161791
161793
161800
161801
161803
161805
161807
161820
161828
161829
161844
161849
161851
161852
161853
161868
161871
161874
161875
161876
161878
161892
161895
161897
161903
161914
161919
161924
161926
161934
161935
161937
161939
161940
161947
161952
161955
161963
161967
161974
161977
161982
161993
161996
161998
161999
162026
162029
162034
162037
162039
162040
162042
162043
162049
162050
162051
162055
162059
162062
162066
162069
162076
162078
162081
162085
162087
162088
162089
162090
162098
162102
162106
162107
162111
162113
162114
162126
162136
162141
162146
162147
162148
162154
162167
162168
162171
162173
162178
162190
162194
162200
162203
162209
162212
162225
162226
162230
162232
162239
162241
162244
162246
162253
162257
162264
162269
162270
162271
162274
162279
162280
162283
162294
162295
162296
162304
162306
162308
162311
162318
162319
162320
162323
162326
162341
162342
162343
162347
162348
162349
162357
162361
162363
162364
162369
162373
162378
162386
162392
162395
162400
162401
162404
162407
162409
162423
162425
162427
162432
162435
162438
162445
162453
162460
162461
162471
162494
162498
162499
162512
162513
162517
162528
162533
162536
162537
162544
162548
162551
162552
162555
162563
162564
162567
162568
162571
162577
162579
162583
162585
162586
162590
162600
162611
162614
162625
162626
162629
162632
162635
162636
162640
162641
162644
162657
162665
162668
162673
162682
162686
162688
162689
162698
162701
162702
162712
162723
162733
162735
162740
162742
162743
162745
162756
162760
162769
162770
162774
162779
162781
162782
162789
162790
162797
162808
162811
162812
162813
162817
162818
162820
162823
162835
162839
162841
162842
162849
162852
162866
162869
162882
162893
162895
162898
162900
162905
162906
162909
162914
162915
162923
162926
162932
162940
162945
162948
162949
162950
162969
162970
162983
163000
163004
163016
163019
163022
163023
163028
163030
163034
163036
163037
163041
163049
163055
163056
163059
163062
163069
163075
163077
163078
163083
163092
163113
163114
163115
163116
163121
163122
163123
163124
163134
163135
163144
163160
163162
163164
163170
163171
163175
163185
163189
163192
163193
163201
163206
163216
163217
163220
163221
163231
163232
163235
163236
163240
163241
163246
163250
163259
163260
163263
163276
163277
163278
163284
163286
163290
163291
163304
163306
163307
163308
163312
163318
163321
163323
163328
163337
163346
163353
163359
163369
163375
163379
163392
163394
163399
163401
163411
163415
163426
163430
163433
163440
163442
163450
163455
163457
163463
163464
163469
163478
163489
163490
163494
163499
163505
163506
163507
163512
163532
163547
163548
163553
163558
163560
163564
163572
163580
163582
163587
163593
163594
163595
163598
163600
163603
163630
163648
163652
163668
163669
163683
163685
163689
163694
163697
163703
163704
163710
163718
163721
163737
163744
163748
163749
163750
163752
163753
163754
163757
163766
163775
163782
163783
163785
163786
163788
163790
163791
163794
163795
163798
163803
163804
163805
163810
163813
163819
163823
163833
163835
163846
163853
163862
163873
163874
163875
163886
163889
163896
163897
163909
163910
163917
163919
163927
163932
163935
163936
163943
163945
163953
163954
163962
163965
163968
163970
163972
163976
163977
163984
163989
163995
163998
164002
164006
164007
164024
164026
164027
164034
164035
164036
164038
164046
164048
164056
164058
164062
164066
164077
164082
164083
164086
164089
164095
164100
164108
164116
164129
164131
164132
164139
164143
164146
164148
164150
164151
164152
164153
164158
164166
164171
164172
164176
164183
164189
164194
164199
164206
164217
164219
164231
164240
164242
164245
164251
164257
164262
164263
164268
164283
164284
164287
164290
164298
164303
164317
164323
164329
164331
164337
164342
164347
164348
164350
164351
164355
164361
164370
164374
164375
164377
164392
164395
164402
164403
164405
164411
164417
164422
164429
164433
164438
164440
164442
164447
164451
164454
164458
164483
164485
164491
164492
164494
164495
164498
164505
164507
164510
164512
164515
164520
164524
164530
164534
164541
164543
164545
164546
164549
164554
164559
164567
164571
164574
164577
164582
164583
164588
164596
164602
164606
164613
164622
164624
164629
164631
164639
164644
164645
164646
164660
164663
164664
164665
164667
164673
164675
164676
164682
164688
164690
164699
164701
164712
164718
164721
164730
164734
164740
164744
164745
164758
164766
164770
164771
164773
164777
164790
164792
164793
164796
164798
164801
164818
164821
164824
164825
164829
164830
164837
164841
164843
164844
164852
164857
164858
164859
164863
164866
164867
164868
164876
164881
164885
164886
164887
164893
164902
164908
164911
164912
164925
164934
164938
164941
164947
164949
164950
164955
164958
164960
164965
164966
164975
164981
164993
165007
165011
165022
165025
165027
165033
165039
165040
165041
165048
165053
165059
165060
165065
165068
165074
165079
165081
165082
165083
165085
165093
165101
165104
165106
165112
165122
165125
165134
165137
165149
165153
165157
165162
165165
165175
165178
165180
165181
165184
165185
165191
165192
165208
165209
165212
165220
165223
165228
165233
165239
165243
165245
165251
165253
165255
165259
165260
165262
165272
165281
165282
165286
165293
165298
165301
165314
165319
165322
165325
165326
165334
165337
165338
165341
165349
165355
165357
165363
165369
165375
165382
165384
165387
165390
165393
165399
165401
165405
165415
165422
165436
165443
165446
165447
165449
165456
165461
165467
165470
165471
165474
165475
165480
165481
165486
165490
165493
165507
165517
165521
165522
165525
165528
165532
165533
165534
165541
165548
165557
165560
165567
165568
165571
165572
165573
165584
165595
165596
165598
165603
165604
165610
165613
165616
165618
165622
165624
165625
165632
165633
165643
165646
165648
165651
165654
165667
165668
165681
165682
165683
165690
165693
165699
165703
165704
165705
165706
165707
165721
165724
165748
165753
165759
165764
165770
165771
165772
165773
165776
165777
165784
165788
165789
165790
165802
165805
165807
165814
165817
165823
165824
165827
165828
165829
165833
165836
165837
165853
165855
165865
165868
165877
165889
165892
165896
165900
165912
165914
165915
165921
165926
165929
165933
165942
165945
165946
165950
165952
165953
165954
165955
165956
165957
165970
165976
165977
165978
165983
165991
165992
165994
165998
166002
166010
166011
166017
166021
166023
166026
166027
166037
166049
166053
166062
166070
166074
166080
166089
166095
166098
166104
166108
166112
166115
166116
166119
166136
166141
166142
166166
166173
166174
166188
166194
166197
166203
166205
166208
166215
166218
166221
166222
166229
166230
166233
166238
166241
166243
166247
166251
166252
166253
166256
166267
166268
166269
166273
166274
166276
166278
166279
166289
166294
166297
166304
166311
166313
166324
166327
166332
166335
166343
166345
166346
166349
166357
166368
166372
166375
166377
166382
166383
166386
166397
166401
166407
166411
166414
166417
166425
166426
166431
166432
166434
166443
166447
166456
166459
166460
166469
166474
166478
166480
166483
166484
166498
166500
166505
166506
166511
166512
166515
166516
166519
166521
166526
166527
166528
166536
166538
166543
166546
166557
166561
166564
166566
166567
166568
166569
166571
166579
166583
166597
166609
166618
166622
166624
166625
166628
166636
166640
166643
166644
166646
166647
166651
166653
166655
166663
166664
166670
166675
166680
166683
166687
166690
166693
166696
166700
166714
166722
166725
166727
166728
166751
166753
166754
166755
166767
166769
166770
166773
166777
166780
166781
166783
166785
166789
166790
166791
166798
166812
166822
166824
166825
166832
166833
166837
166839
166841
166851
166853
166860
166864
166873
166876
166881
166885
166887
166889
166893
166894
166895
166896
166912
166915
166916
166919
166925
166933
166934
166936
166938
166939
166941
166945
166947
166948
166949
166953
166954
166963
166967
166968
166973
166975
166979
166981
166983
166992
166993
166996
167002
167005
167008
167023
167033
167034
167043
167045
167049
167052
167056
167065
167070
167072
167080
167083
167085
167100
167103
167104
167106
167111
167119
167120
167134
167136
167142
167145
167154
167164
167167
167170
167172
167173
167181
167184
167189
167197
167199
167204
167210
167211
167213
167218
167224
167234
167237
167238
167239
167244
167250
167253
167254
167255
167266
167268
167269
167270
167272
167276
167281
167287
167291
167293
167297
167298
167304
167305
167309
167318
167319
167322
167326
167328
167329
167332
167340
167346
167347
167351
167353
167356
167365
167369
167370
167374
167375
167377
167387
167391
167397
167415
167422
167423
167426
167427
167434
167440
167448
167449
167451
167455
167456
167463
167468
167473
167475
167499
167503
167509
167512
167521
167522
167528
167540
167544
167552
167554
167562
167563
167575
167576
167578
167583
167587
167589
167591
167597
167602
167611
167621
167629
167630
167631
167634
167637
167640
167645
167646
167649
167654
167675
167676
167697
167705
167706
167714
167716
167723
167724
167726
167729
167736
167738
167744
167746
167753
167754
167762
167772
167773
167774
167775
167794
167795
167798
167810
167813
167823
167825
167827
167828
167833
167840
167845
167846
167858
167859
167860
167863
167864
167872
167873
167875
167877
167880
167890
167893
167897
167901
167908
167909
167918
167922
167923
167924
167930
167934
167939
167944
167947
167949
167958
167961
167966
167983
167987
167988
167996
168005
168007
168013
168016
168022
168039
168041
168048
168049
168057
168065
168069
168078
168081
168083
168088
168095
168100
168109
168111
168115
168121
168128
168134
168143
168147
168151
168152
168153
168155
168164
168170
168176
168177
168178
168180
168183
168188
168190
168202
168204
168210
168214
168218
168219
168226
168227
168234
168250
168263
168268
168272
168274
168276
168281
168284
168287
168291
168293
168300
168305
168311
168316
168318
168320
168323
168330
168331
168334
168342
168345
168348
168357
168360
168368
168378
168384
168389
168390
168392
168394
168400
168402
168408
168410
168414
168416
168418
168431
168432
168437
168447
168450
168451
168452
168462
168466
168469
168475
168481
168488
168495
168497
168501
168502
168504
168506
168514
168522
168537
168539
168544
168548
168556
168559
168571
168577
168579
168581
168583
168584
168589
168595
168597
168602
168607
168613
168618
168622
168626
168628
168629
168637
168638
168640
168641
168651
168658
168660
168662
168667
168672
168677
168680
168684
168687
168697
168700
168709
168712
168714
168719
168723
168724
168731
168733
168737
168745
168754
168774
168785
168792
168793
168799
168802
168803
168808
168817
168829
168830
168834
168835
168837
168838
168841
168844
168850
168851
168852
168858
168861
168863
168866
168871
168873
168876
168879
168883
168885
168889
168890
168895
168901
168915
168922
168924
168926
168929
168936
168937
168943
168952
168953
168958
168961
168964
168968
168971
168974
168984
168985
168989
168994
169001
169002
169009
169023
169028
169029
169030
169038
169039
169047
169049
169050
169052
169053
169056
169058
169065
169066
169067
169068
169069
169074
169075
169082
169084
169085
169090
169099
169101
169104
169107
169110
169111
169112
169127
169128
169132
169139
169140
169144
169146
169150
169157
169160
169168
169173
169176
169177
169180
169181
169187
169189
169192
169198
169206
169212
169224
169228
169229
169232
169238
169239
169243
169244
169245
169249
169252
169254
169257
169258
169261
169274
169275
169283
169285
169296
169298
169301
169303
169309
169320
169322
169333
169335
169339
169346
169354
169356
169358
169365
169378
169383
169384
169388
169392
169394
169396
169397
169399
169403
169408
169410
169412
169413
169414
169418
169420
169425
169427
169443
169446
169448
169457
169460
169464
169469
169470
169473
169477
169479
169480
169494
169496
169498
169500
169501
169505
169506
169508
169509
169510
169532
169535
169536
169538
169539
169545
169548
169549
169551
169552
169553
169562
169564
169581
169584
169585
169586
169592
169595
169596
169608
169613
169615
169618
169619
169625
169630
169634
169638
169642
169644
169651
169655
169658
169662
169672
169674
169683
169686
169688
169691
169693
169695
169700
169701
169707
169709
169710
169718
169728
169737
169749
169750
169756
169757
169758
169762
169763
169772
169775
169779
169781
169782
169795
169796
169801
169803
169805
169807
169811
169812
169816
169825
169831
169833
169834
169841
169854
169856
169858
169868
169871
169875
169877
169895
169897
169899
169900
169907
169910
169912
169920
169929
169930
169936
169937
169939
169950
169952
169957
169959
169964
169965
169972
169974
169979
169991
169997
170008
170013
170018
170028
170031
170032
170039
170048
170049
170065
170067
170070
170071
170072
170073
170074
170078
170080
170081
170084
170088
170093
170099
170112
170113
170114
170117
170119
170129
170130
170135
170137
170140
170150
170153
170161
170174
170175
170176
170184
170188
170199
170201
170202
170206
170208
170212
170213
170214
170218
170221
170225
170232
170239
170241
170242
170245
170252
170257
170258
170263
170265
170266
170269
170270
170284
170287
170289
170290
170298
170299
170314
170319
170320
170322
170324
170336
170337
170350
170355
170362
170374
170381
170385
170395
170396
170413
170416
170425
170430
170437
170442
170445
170448
170449
170452
170458
170460
170472
170473
170477
170482
170493
170497
170499
170500
170507
170524
170526
170527
170530
170535
170540
170558
170562
170563
170565
170566
170568
170573
170579
170589
170594
170596
170597
170601
170603
170607
170610
170611
170614
170620
170621
170622
170624
170628
170630
170632
170635
170645
170648
170654
170655
170657
170660
170667
170677
170678
170681
170693
170698
170703
170712
170720
170734
170736
170740
170747
170754
170758
170767
170769
170775
170785
170789
170793
170796
170797
170798
170801
170806
170811
170812
170813
170814
170819
170834
170843
170846
170849
170853
170854
170855
170857
170863
170864
170871
170884
170890
170891
170895
170896
170897
170899
170903
170907
170911
170915
170918
170919
170929
170931
170933
170938
170947
170948
170959
170961
170967
170973
170983
170989
170990
170993
170995
171012
171015
171017
171018
171034
171057
171063
171065
171067
171070
171074
171075
171077
171089
171091
171092
171104
171110
171111
171129
171133
171136
171138
171139
171140
171141
171142
171149
171151
171154
171155
171156
171159
171160
171162
171168
171170
171172
171173
171185
171198
171204
171208
171215
171217
171223
171224
171235
171237
171245
171250
171253
171256
171257
171262
171263
171264
171272
171273
171278
171289
171293
171314
171324
171325
171333
171336
171342
171346
171348
171349
171350
171351
171353
171361
171367
171373
171377
171379
171382
171388
171389
171404
171409
171410
171413
171429
171438
171440
171441
171446
171453
171454
171455
171460
171462
171470
171471
171472
171476
171483
171485
171489
171495
171498
171503
171505
171506
171507
171509
171510
171519
171520
171525
171530
171532
171537
171538
171539
171540
171560
171563
171566
171572
171573
171584
171586
171596
171598
171604
171615
171637
171648
171660
171662
171663
171664
171669
171670
171680
171681
171687
171692
171699
171700
171703
171705
171707
171712
171713
171716
171717
171719
171720
171725
171727
171731
171733
171742
171743
171746
171747
171748
171751
171752
171757
171760
171765
171767
171769
171771
171774
171775
171777
171779
171782
171784
171787
171791
171792
171801
171810
171813
171824
171825
171828
171833
171840
171841
171846
171864
171873
171874
171886
171891
171902
171904
171907
171911
171916
171931
171937
171940
171947
171954
171962
171963
171965
171971
171973
171980
171981
171985
171987
172003
172009
172024
172027
172041
172043
172047
172054
172056
172067
172068
172078
172079
172082
172091
172093
172095
172097
172099
172102
172103
172104
172108
172111
172113
172120
172121
172125
172129
172130
172135
172142
172143
172151
172153
172160
172166
172168
172171
172177
172188
172192
172200
172202
172211
172219
172221
172225
172226
172233
172235
172244
172248
172251
172255
172260
172261
172263
172272
172281
172289
172290
172297
172306
172308
172315
172318
172322
172331
172333
172336
172342
172346
172363
172368
172369
172370
172384
172386
172393
172403
172406
172427
172436
172439
172442
172444
172446
172457
172459
172464
172470
172472
172478
172485
172487
172489
172491
172501
172513
172521
172522
172535
172541
172543
172545
172548
172564
172570
172579
172584
172587
172594
172598
172607
172609
172614
172616
172617
172618
172622
172623
172625
172627
172633
172635
172636
172638
172642
172651
172652
172654
172655
172657
172659
172662
172663
172665
172676
172681
172684
172687
172688
172690
172705
172708
172714
172716
172717
172718
172722
172724
172725
172738
172749
172750
172753
172763
172765
172769
172780
172791
172798
172799
172806
172808
172809
172810
172816
172820
172822
172829
172830
172840
172841
172844
172847
172864
172867
172872
172879
172892
172893
172894
172898
172908
172909
172911
172915
172916
172917
172921
172926
172927
172930
172936
172937
172938
172942
172946
172958
172959
172961
172966
172970
172971
172973
172977
172980
172986
172991
173004
173005
173006
173015
173021
173024
173025
173032
173037
173038
173040
173041
173045
173051
173056
173063
173075
173076
173078
173079
173096
173098
173099
173102
173105
173109
173113
173120
173132
173133
173135
173136
173138
173140
173143
173146
173149
173151
173155
173157
173163
173165
173172
173179
173182
173206
173213
173221
173229
173231
173232
173233
173235
173236
173239
173252
173254
173255
173257
173260
173263
173268
173269
173270
173273
173290
173299
173301
173313
173315
173316
173320
173321
173327
173329
173330
173342
173343
173346
173355
173356
173359
173363
173365
173367
173372
173376
173382
173383
173393
173394
173397
173402
173416
173417
173418
173423
173424
173432
173447
173453
173460
173463
173464
173468
173470
173473
173477
173481
173483
173489
173503
173508
173512
173521
173522
173537
173538
173540
173543
173544
173546
173547
173548
173549
173553
173564
173567
173569
173576
173583
173586
173587
173589
173593
173597
173598
173603
173613
173614
173616
173623
173624
173628
173634
173636
173637
173644
173658
173662
173663
173675
173676
173680
173681
173682
173685
173689
173690
173691
173695
173710
173717
173718
173719
173725
173727
173729
173730
173731
173732
173733
173739
173741
173749
173752
173757
173758
173760
173761
173763
173765
173770
173777
173782
173789
173798
173799
173809
173819
173821
173826
173830
173837
173839
173846
173849
173851
173859
173864
173868
173869
173878
173884
173889
173890
173897
173899
173900
173904
173910
173920
173930
173932
173934
173935
173941
173942
173946
173950
173955
173960
173961
173970
173974
173976
173978
173983
173993
173996
174001
174009
174021
174029
174034
174036
174037
174039
174041
174045
174046
174051
174053
174060
174065
174077
174081
174083
174086
174099
174100
174102
174105
174113
174118
174127
174130
174133
174143
174158
174161
174162
174168
174169
174180
174189
174192
174195
174204
174209
174212
174224
174236
174240
174257
174261
174262
174263
174271
174274
174281
174283
174285
174286
174294
174305
174318
174320
174321
174322
174332
174334
174346
174347
174359
174363
174369
174374
174375
174388
174397
174401
174402
174404
174407
174410
174422
174429
174433
174434
174436
174440
174441
174443
174447
174449
174453
174455
174457
174464
174468
174475
174478
174481
174482
174484
174497
174499
174504
174509
174511
174525
174529
174531
174533
174549
174551
174553
174555
174557
174560
174578
174587
174590
174597
174619
174627
174638
174658
174663
174674
174682
174689
174692
174698
174703
174704
174706
174709
174710
174713
174721
174727
174732
174738
174740
174744
174749
174757
174761
174763
174767
174768
174771
174773
174774
174775
174779
174780
174783
174788
174791
174793
174796
174801
174806
174816
174817
174820
174824
174825
174826
174827
174833
174835
174847
174854
174860
174867
174870
174875
174876
174880
174883
174889
174891
174895
174898
174903
174908
174911
174915
174919
174923
174924
174926
174927
174932
174934
174949
174951
174953
174956
174962
174982
174988
174990
174993
174996
174999
175004
175005
175006
175007
175010
175012
175019
175023
175024
175025
175026
175028
175041
175052
175056
175058
175060
175062
175067
175071
175075
175076
175098
175102
175103
175104
175107
175116
175122
175123
175128
175129
175132
175137
175153
175155
175156
175160
175170
175176
175181
175185
175193
175195
175199
175209
175211
175213
175214
175216
175219
175222
175223
175225
175230
175233
175237
175241
175245
175246
175249
175269
175270
175272
175283
175286
175292
175299
175300
175301
175303
175304
175305
175310
175315
175316
175321
175324
175329
175333
175335
175338
175342
175348
175351
175352
175358
175359
175364
175369
175370
175381
175382
175384
175385
175386
175389
175390
175394
175400
175401
175407
175411
175420
175426
175427
175430
175434
175439
175443
175449
175453
175456
175458
175459
175475
175476
175477
175480
175481
175485
175489
175500
175504
175508
175509
175510
175518
175520
175523
175525
175530
175535
175539
175540
175542
175544
175548
175556
175564
175567
175570
175571
175574
175575
175578
175587
175596
175602
175608
175611
175621
175624
175625
175630
175634
175636
175645
175651
175673
175681
175682
175683
175687
175691
175692
175703
175713
175714
175737
175740
175743
175748
175755
175756
175758
175764
175768
175771
175781
175790
175800
175806
175813
175819
175827
175828
175831
175838
175850
175853
175855
175858
175861
175862
175864
175870
175873
175876
175878
175883
175886
175887
175901
175905
175912
175913
175915
175920
175925
175931
175935
175940
175943
175948
175957
175959
175960
175965
175971
175973
175980
175986
175992
175993
176004
176012
176016
176021
176024
176029
176031
176033
176034
176040
176041
176046
176057
176061
176066
176075
176077
176080
176081
176085
176093
176096
176107
176117
176122
176129
176138
176141
176142
176144
176149
176152
176158
176165
176171
176172
176177
176185
176192
176193
176198
176205
176206
176215
176217
176218
176222
176229
176230
176233
176236
176238
176242
176246
176247
176248
176252
176255
176263
176268
176274
176276
176279
176283
176287
176290
176291
176292
176301
176305
176321
176322
176334
176336
176349
176353
176355
176356
176374
176390
176391
176393
176402
176406
176407
176413
176418
176423
176424
176425
176432
176438
176440
176449
176455
176457
176464
176465
176468
176470
176472
176473
176489
176493
176497
176507
176509
176526
176529
176531
176535
176540
176546
176547
176559
176560
176582
176584
176585
176588
176591
176597
176599
176601
176606
176607
176611
176620
176622
176633
176635
176643
176647
176649
176654
176658
176662
176663
176673
176674
176675
176679
176680
176682
176684
176691
176692
176697
176701
176706
176709
176715
176716
176719
176722
176724
176725
176726
176732
176733
176739
176749
176750
176752
176760
176761
176768
176771
176776
176779
176780
176782
176785
176788
176793
176794
176795
176796
176804
176806
176816
176819
176820
176822
176826
176828
176834
176838
176848
176852
176854
176858
176859
176862
176863
176869
176870
176874
176879
176886
176891
176893
176896
176898
176901
176916
176919
176930
176937
176940
176941
176946
176949
176951
176952
176958
176975
176978
176979
176980
176984
176987
176996
177003
177008
177010
177015
177016
177019
177023
177028
177034
177035
177043
177045
177046
177047
177057
177058
177059
177064
177070
177073
177077
177085
177086
177093
177100
177108
177109
177111
177116
177120
177131
177133
177136
177137
177139
177142
177145
177155
177158
177160
177163
177169
177174
177177
177182
177192
177196
177198
177202
177206
177207
177218
177225
177228
177231
177233
177237
177241
177248
177255
177259
177263
177271
177278
177280
177286
177288
177289
177292
177293
177294
177300
177302
177305
177312
177317
177327
177329
177334
177337
177348
177350
177358
177360
177363
177366
177373
177375
177382
177384
177386
177390
177394
177397
177406
177418
177422
177432
177435
177439
177451
177456
177457
177459
177464
177465
177466
177467
177476
177479
177480
177491
177492
177503
177509
177515
177516
177519
177521
177522
177526
177540
177547
177549
177556
177558
177560
177565
177568
177581
177583
177585
177589
177594
177598
177599
177606
177612
177618
177627
177628
177635
177636
177640
177645
177647
177649
177650
177654
177664
177665
177666
177667
177675
177681
177687
177688
177695
177707
177709
177711
177718
177719
177726
177735
177736
177738
177743
177744
177750
177770
177778
177783
177788
177797
177802
177814
177827
177834
177835
177837
177838
177840
177854
177858
177859
177867
177872
177875
177880
177885
177888
177891
177893
177901
177903
177908
177912
177918
177921
177922
177930
177931
177938
177940
177943
177950
177956
177957
177958
177963
177965
177972
177973
177978
177983
177991
177992
177993
178005
178006
178008
178011
178016
178021
178027
178032
178035
178040
178041
178042
178044
178060
178063
178066
178068
178071
178075
178078
178079
178080
178086
178089
178091
178100
178114
178121
178125
178126
178137
178138
178141
178149
178152
178153
178156
178162
178170
178180
178184
178187
178192
178199
178217
178222
178228
178230
178233
178234
178239
178246
178247
178265
178270
178271
178287
178288
178292
178301
178303
178306
178307
178312
178316
178334
178338
178353
178354
178355
178358
178359
178363
178368
178370
178377
178380
178385
178386
178389
178391
178393
178394
178398
178400
178401
178410
178412
178416
178419
178424
178426
178442
178446
178447
178452
178467
178479
178481
178483
178486
178488
178489
178490
178494
178498
178499
178500
178502
178508
178509
178535
178536
178544
178548
178551
178553
178561
178580
178586
178589
178595
178600
178604
178616
178619
178625
178628
178630
178631
178632
178636
178637
178641
178647
178656
178658
178662
178663
178664
178669
178670
178677
178681
178685
178688
178692
178696
178698
178704
178713
178717
178718
178721
178744
178747
178748
178750
178763
178769
178771
178773
178775
178783
178792
178795
178799
178800
178806
178814
178815
178821
178825
178826
178829
178830
178833
178837
178839
178840
178842
178846
178849
178850
178854
178859
178860
178862
178868
178871
178885
178890
178893
178895
178900
178902
178912
178929
178931
178933
178939
178940
178941
178952
178953
178958
178961
178967
178971
178974
178979
178985
178987
178988
178991
178992
179000
179004
179005
179012
179013
179019
179022
179024
179031
179037
179039
179040
179041
179047
179049
179054
179057
179062
179066
179068
179072
179077
179082
179089
179090
179092
179097
179098
179100
179104
179115
179125
179127
179134
179135
179140
179144
179151
179153
179155
179160
179163
179172
179173
179174
179177
179178
179199
179200
179201
179206
179212
179225
179230
179236
179245
179251
179253
179256
179258
179267
179285
179286
179291
179294
179295
179297
179299
179300
179302
179310
179311
179313
179314
179315
179316
179317
179318
179323
179324
179328
179331
179339
179354
179357
179359
179364
179365
179368
179371
179374
179375
179379
179383
179387
179403
179405
179413
179414
179415
179419
179421
179424
179427
179430
179431
179440
179446
179447
179450
179453
179457
179478
179480
179485
179493
179505
179506
179508
179512
179519
179520
179525
179528
179530
179533
179539
179547
179560
179578
179583
179588
179589
179590
179592
179593
179600
179601
179607
179608
179611
179613
179618
179628
179629
179631
179633
179635
179638
179639
179641
179648
179655
179656
179657
179659
179669
179670
179687
179689
179690
179695
179700
179703
179711
179716
179718
179727
179735
179740
179744
179747
179751
179759
179766
179767
179773
179796
179797
179804
179820
179821
179822
179826
179828
179832
179835
179837
179840
179841
179842
179846
179853
179858
179860
179863
179864
179872
179877
179891
179892
179893
179907
179910
179916
179922
179931
179937
179939
179945
179947
179956
179960
179961
179966
179975
179977
179980
179981
179983
179985
179988
179992
179995
179996
180004
180006
180007
180009
180011
180013
180017
180031
180032
180033
180034
180041
180042
180047
180049
180061
180062
180067
180070
180085
180088
180090
180098
180100
180101
180114
180118
180123
180124
180127
180128
180129
180139
180145
180148
180149
180179
180182
180199
180207
180208
180210
180214
180220
180224
180225
180227
180233
180240
180241
180248
180261
180265
180268
180269
180273
180286
180305
180308
180313
180316
180322
180329
180346
180349
180351
180352
180354
180359
180365
180367
180378
180379
180384
180389
180404
180406
180409
180415
180416
180419
180422
180428
180443
180448
180452
180460
180463
180465
180472
180498
180501
180502
180514
180517
180526
180529
180536
180537
180541
180543
180545
180551
180561
180565
180572
180573
180581
180584
180587
180588
180594
180597
180614
180619
180620
180628
180631
180640
180642
180653
180656
180670
180672
180675
180681
180683
180689
180690
180696
180698
180701
180704
180705
180708
180713
180721
180722
180726
180729
180731
180743
180747
180749
180750
180751
180760
180764
180767
180768
180772
180773
180779
180786
180788
180789
180797
180800
180804
180808
180811
180812
180821
180824
180828
180835
180838
180839
180842
180843
180867
180868
180874
180881
180882
180886
180889
180891
180893
180894
180904
180908
180910
180921
180925
180928
180937
180939
180940
180941
180950
180955
180956
180959
180962
180971
180985
181006
181018
181023
181025
181033
181039
181040
181046
181051
181060
181064
181072
181073
181077
181082
181087
181089
181093
181099
181112
181121
181124
181127
181131
181136
181137
181153
181155
181156
181162
181168
181183
181185
181192
181195
181223
181224
181225
181226
181227
181238
181239
181243
181246
181249
181253
181255
181256
181263
181266
181269
181271
181276
181282
181284
181287
181296
181308
181309
181314
181315
181316
181321
181328
181331
181336
181350
181351
181353
181359
181360
181364
181368
181369
181370
181372
181373
181383
181396
181401
181404
181416
181421
181425
181430
181433
181436
181439
181445
181449
181456
181457
181460
181464
181472
181488
181494
181497
181503
181505
181507
181508
181509
181510
181515
181519
181528
181531
181538
181546
181548
181550
181552
181559
181562
181564
181573
181574
181575
181576
181577
181578
181587
181590
181594
181601
181607
181610
181617
181619
181620
181626
181639
181640
181645
181651
181653
181655
181661
181663
181665
181667
181668
181671
181676
181679
181680
181694
181699
181701
181715
181723
181730
181733
181738
181741
181763
181765
181766
181768
181771
181778
181785
181789
181798
181801
181804
181806
181811
181812
181827
181842
181844
181846
181856
181865
181866
181868
181870
181872
181880
181885
181890
181893
181902
181911
181913
181920
181922
181927
181933
181934
181943
181945
181947
181954
181955
181958
181962
181964
181974
181983
181985
181987
181989
181991
181995
182018
182019
182021
182026
182027
182033
182035
182044
182051
182060
182064
182065
182067
182068
182073
182084
182088
182095
182099
182105
182110
182116
182120
182122
182125
182127
182128
182130
182135
182138
182142
182145
182149
182160
182165
182170
182186
182188
182200
182203
182217
182220
182224
182225
182226
182229
182233
182234
182238
182241
182243
182244
182250
182253
182258
182270
182272
182289
182298
182301
182305
182315
182316
182318
182320
182322
182324
182325
182330
182338
182340
182353
182354
182362
182383
182397
182409
182412
182414
182417
182418
182427
182432
182435
182439
182448
182451
182454
182458
182459
182460
182464
182466
182467
182469
182487
182503
182504
182506
182507
182509
182510
182516
182528
182530
182536
182538
182542
182545
182546
182548
182549
182553
182561
182565
182572
182573
182584
182587
182595
182599
182611
182612
182618
182621
182622
182624
182629
182631
182632
182635
182639
182652
182659
182672
182680
182685
182687
182690
182694
182696
182704
182705
182707
182714
182719
182727
182730
182735
182738
182746
182754
182765
182770
182771
182774
182781
182782
182788
182790
182795
182798
182802
182823
182825
182828
182837
182843
182845
182850
182852
182857
182867
182873
182875
182884
182885
182886
182896
182901
182914
182916
182924
182931
182935
182944
182955
182959
182966
182970
182974
182975
182978
182982
182985
182987
182991
182999
183001
183003
183011
183013
183017
183018
183019
183023
183029
183031
183034
183040
183048
183049
183051
183057
183065
183074
183076
183078
183087
183104
183107
183109
183119
183127
183130
183135
183141
183142
183143
183148
183154
183158
183169
183171
183173
183177
183182
183183
183186
183187
183190
183197
183199
183201
183202
183205
183208
183212
183214
183216
183219
183221
183229
183240
183241
183243
183255
183260
183262
183266
183268
183272
183273
183279
183287
183296
183299
183308
183319
183324
183330
183336
183338
183342
183344
183349
183355
183358
183361
183368
183370
183377
183381
183386
183396
183404
183412
183413
183414
183423
183425
183427
183432
183434
183435
183437
183441
183445
183447
183452
183454
183460
183471
183472
183480
183484
183487
183490
183496
183505
183509
183516
183523
183525
183526
183527
183530
183533
183534
183542
183550
183552
183555
183561
183562
183564
183565
183572
183575
183576
183580
183583
183590
183608
183610
183611
183619
183621
183622
183623
183627
183653
183656
183659
183661
183679
183682
183691
183693
183694
183699
183702
183703
183704
183711
183717
183722
183729
183733
183734
183737
183740
183760
183763
183772
183776
183788
183790
183793
183794
183799
183801
183809
183810
183812
183813
183816
183821
183827
183828
183830
183834
183838
183844
183847
183848
183849
183852
183868
183870
183884
183894
183895
183902
183906
183934
183936
183940
183945
183946
183947
183958
183969
183974
183978
183980
183983
183987
184000
184001
184002
184008
184014
184019
184023
184028
184037
184038
184048
184059
184063
184073
184078
184080
184088
184091
184103
184104
184105
184109
184123
184129
184138
184140
184146
184148
184157
184161
184165
184168
184171
184173
184179
184183
184189
184197
184199
184214
184225
184226
184229
184238
184240
184245
184252
184253
184257
184261
184263
184271
184278
184279
184283
184289
184290
184302
184307
184313
184335
184336
184337
184340
184345
184353
184361
184362
184363
184364
184369
184377
184388
184389
184395
184401
184402
184403
184404
184409
184411
184416
184421
184422
184435
184436
184438
184443
184444
184449
184452
184458
184459
184460
184468
184478
184480
184481
184484
184491
184492
184495
184499
184503
184516
184518
184521
184535
184538
184539
184544
184546
184548
184552
184564
184566
184568
184584
184588
184599
184601
184610
184611
184619
184620
184633
184641
184651
184655
184657
184662
184667
184670
184680
184683
184685
184693
184694
184699
184700
184705
184709
184710
184718
184722
184725
184731
184744
184750
184752
184753
184761
184762
184776
184778
184786
184788
184792
184819
184828
184829
184837
184844
184849
184850
184853
184859
184863
184868
184882
184885
184889
184902
184904
184907
184909
184912
184919
184920
184925
184926
184928
184937
184948
184951
184952
184956
184970
184973
184976
184981
184985
184986
184987
184991
184998
185009
185011
185020
185028
185030
185032
185034
185039
185047
185054
185058
185062
185068
185069
185077
185078
185087
185090
185094
185095
185097
185101
185105
185106
185107
185119
185121
185123
185125
185134
185136
185138
185140
185145
185147
185161
185163
185165
185168
185169
185175
185176
185181
185188
185192
185195
185196
185199
185200
185209
185211
185212
185215
185216
185224
185230
185231
185235
185240
185246
185253
185254
185255
185258
185260
185263
185266
185268
185278
185279
185288
185300
185304
185306
185315
185316
185318
185324
185325
185341
185343
185345
185350
185351
185353
185362
185363
185366
185367
185371
185380
185386
185388
185389
185399
185408
185410
185412
185413
185420
185422
185423
185435
185437
185439
185441
185444
185446
185451
185459
185470
185480
185482
185483
185484
185485
185489
185496
185497
185499
185508
185514
185517
185522
185525
185531
185534
185535
185543
185554
185558
185565
185567
185570
185572
185573
185574
185582
185585
185586
185587
185597
185598
185600
185602
185605
185607
185611
185618
185625
185629
185630
185632
185634
185636
185643
185645
185648
185649
185650
185651
185662
185672
185678
185704
185719
185721
185727
185731
185735
185736
185739
185748
185752
185757
185759
185761
185771
185773
185786
185787
185790
185793
185794
185795
185797
185798
185809
185810
185817
185818
185819
185821
185822
185828
185839
185843
185847
185849
185856
185863
185877
185879
185880
185882
185897
185899
185903
185909
185911
185916
185920
185923
185926
185931
185937
185941
185949
185950
185956
185962
185968
185971
185976
185982
185987
185990
185993
185998
186013
186015
186016
186019
186022
186025
186027
186029
186031
186036
186038
186044
186046
186049
186055
186057
186060
186065
186085
186086
186092
186094
186099
186100
186102
186112
186116
186119
186120
186123
186125
186131
186133
186137
186143
186146
186148
186149
186152
186157
186161
186163
186168
186170
186171
186173
186174
186175
186176
186186
186192
186199
186202
186205
186208
186210
186218
186222
186230
186234
186238
186243
186244
186245
186247
186251
186252
186258
186263
186269
186272
186279
186280
186287
186290
186305
186306
186308
186311
186312
186317
186318
186320
186321
186330
186332
186333
186353
186361
186363
186374
186380
186389
186410
186411
186412
186428
186430
186432
186433
186435
186441
186444
186457
186458
186473
186478
186479
186482
186486
186487
186489
186494
186497
186501
186502
186504
186505
186512
186522
186527
186528
186532
186533
186535
186538
186549
186551
186562
186563
186564
186582
186593
186614
186626
186631
186634
186637
186640
186647
186651
186664
186670
186674
186679
186681
186682
186690
186697
186702
186706
186714
186720
186727
186736
186738
186771
186772
186787
186792
186797
186806
186814
186830
186834
186835
186839
186845
186846
186848
186849
186854
186864
186868
186870
186877
186878
186882
186884
186887
186891
186893
186905
186911
186913
186914
186916
186924
186925
186933
186936
186941
186943
186944
186947
186948
186949
186954
186957
186965
186973
186979
186981
186982
186984
186987
186988
186995
187001
187007
187012
187016
187029
187031
187032
187035
187036
187037
187044
187046
187048
187053
187057
187061
187063
187065
187072
187077
187080
187082
187085
187096
187106
187107
187115
187116
187121
187122
187125
187129
187136
187137
187141
187145
187146
187154
187157
187158
187159
187165
187173
187174
187178
187200
187205
187212
187219
187221
187224
187236
187241
187244
187251
187252
187255
187271
187272
187273
187274
187277
187281
187287
187305
187310
187315
187318
187321
187323
187326
187329
187333
187352
187358
187368
187369
187372
187376
187377
187380
187381
187394
187395
187409
187416
187418
187420
187421
187425
187428
187439
187440
187446
187452
187453
187462
187463
187472
187473
187476
187481
187483
187491
187495
187499
187506
187508
187514
187515
187523
187524
187527
187529
187535
187537
187538
187540
187545
187546
187549
187552
187553
187558
187560
187561
187562
187563
187567
187573
187578
187580
187587
187609
187617
187619
187620
187621
187622
187624
187625
187626
187627
187630
187647
187648
187649
187656
187661
187662
187666
187673
187677
187678
187682
187685
187687
187689
187694
187700
187711
187718
187720
187723
187726
187733
187734
187740
187741
187744
187746
187748
187762
187764
187768
187780
187799
187801
187804
187807
187810
187811
187812
187813
187816
187825
187830
187834
187841
187848
187854
187863
187868
187869
187873
187875
187877
187880
187881
187884
187889
187893
187899
187903
187916
187923
187928
187933
187936
187950
187951
187957
187959
187963
187978
187983
187985
187989
187997
188001
188006
188007
188016
188018
188023
188028
188033
188038
188042
188046
188047
188051
188052
188054
188061
188062
188068
188070
188072
188081
188083
188086
188092
188095
188096
188097
188100
188105
188111
188114
188121
188123
188126
188148
188150
188163
188177
188186
188191
188192
188206
188208
188214
188218
188220
188227
188231
188234
188236
188251
188254
188257
188258
188264
188265
188270
188274
188282
188284
188286
188296
188299
188305
188316
188318
188321
188332
188335
188348
188351
188364
188366
188383
188386
188401
188405
188406
188417
188430
188440
188441
188443
188445
188448
188454
188456
188458
188469
188471
188472
188478
188483
188487
188489
188492
188493
188496
188499
188505
188508
188510
188513
188514
188516
188519
188522
188531
188535
188538
188539
188541
188546
188548
188555
188566
188576
188577
188592
188597
188598
188600
188603
188604
188605
188608
188609
188613
188614
188615
188620
188622
188629
188630
188633
188643
188645
188647
188650
188651
188652
188662
188665
188666
188674
188682
188683
188686
188687
188691
188695
188697
188701
188704
188719
188731
188736
188742
188744
188747
188750
188755
188759
188765
188767
188769
188771
188777
188783
188788
188793
188795
188802
188807
188808
188811
188813
188825
188828
188833
188834
188836
188840
188843
188858
188863
188874
188875
188878
188880
188881
188885
188890
188906
188911
188913
188922
188925
188934
188937
188940
188941
188942
188943
188944
188947
188948
188960
188961
188962
188964
188965
188969
188971
188972
188980
188983
188985
188987
188989
188994
188999
189003
189010
189012
189028
189029
189036
189039
189040
189045
189051
189054
189055
189058
189062
189065
189071
189074
189076
189084
189086
189087
189088
189089
189096
189099
189102
189111
189115
189120
189122
189129
189130
189134
189135
189137
189142
189145
189148
189149
189153
189154
189160
189161
189165
189172
189190
189192
189199
189201
189209
189217
189218
189220
189223
189224
189228
189230
189239
189240
189242
189243
189244
189246
189247
189251
189256
189259
189267
189268
189270
189273
189279
189282
189285
189287
189295
189296
189304
189309
189310
189315
189316
189318
189324
189329
189333
189336
189340
189345
189348
189349
189357
189364
189365
189382
189383
189391
189393
189397
189398
189409
189411
189412
189424
189431
189435
189446
189448
189457
189486
189487
189488
189504
189506
189507
189508
189512
189525
189547
189552
189562
189565
189569
189576
189577
189582
189595
189597
189603
189604
189608
189609
189616
189623
189628
189635
189657
189659
189662
189666
189667
189668
189676
189682
189687
189692
189693
189695
189701
189703
189710
189711
189713
189716
189727
189743
189752
189759
189760
189763
189780
189781
189784
189785
189787
189788
189794
189795
189798
189820
189824
189825
189826
189827
189829
189830
189839
189840
189841
189849
189850
189851
189858
189861
189871
189875
189876
189878
189883
189895
189905
189911
189914
189916
189920
189921
189923
189929
189931
189933
189935
189953
189954
189959
189960
189965
189967
189969
189974
189980
189981
189984
189990
189993
189997
189998
190001
190002
190005
190008
190010
190026
190027
190039
190041
190043
190045
190053
190055
190063
190069
190071
190074
190075
190079
190096
190103
190109
190110
190111
190119
190120
190121
190123
190124
190154
190161
190167
190169
190184
190189
190192
190196
190211
190219
190227
190228
190233
190236
190238
190240
190241
190246
190247
190252
190253
190254
190256
190263
190269
190278
190282
190294
190298
190307
190308
190327
190328
190335
190343
190346
190349
190351
190352
190363
190368
190371
190390
190391
190396
190398
190401
190402
190406
190408
190413
190415
190416
190418
190423
190428
190430
190438
190441
190442
190447
190449
190451
190458
190460
190462
190471
190472
190473
190474
190475
190476
190478
190482
190494
190501
190502
190505
190508
190513
190517
190520
190522
190525
190529
190531
190538
190543
190563
190564
190567
190570
190577
190595
190596
190598
190600
190602
190604
190611
190617
190627
190631
190632
190635
190638
190639
190644
190645
190648
190657
190661
190667
190669
190676
190678
190679
190686
190694
190697
190701
190702
190706
190712
190717
190719
190720
190733
190744
190747
190748
190750
190753
190763
190764
190765
190766
190770
190773
190775
190777
190781
190788
190795
190799
190806
190824
190826
190828
190839
190846
190850
190853
190862
190873
190888
190892
190893
190896
190899
190900
190904
190909
190913
190917
190919
190925
190937
190938
190941
190943
190950
190960
190965
190972
190973
190974
190975
190978
190980
190981
190986
190990
190996
190997
191006
191007
191012
191020
191031
191039
191046
191051
191052
191062
191063
191083
191086
191087
191093
191100
191104
191106
191108
191110
191111
191113
191116
191117
191122
191123
191125
191162
191163
191180
191189
191208
191212
191215
191218
191219
191221
191226
191229
191231
191240
191250
191257
191263
191267
191276
191286
191289
191290
191291
191294
191307
191314
191320
191321
191329
191331
191332
191344
191347
191350
191354
191365
191367
191372
191373
191375
191376
191379
191382
191390
191392
191405
191407
191409
191410
191421
191424
191429
191437
191442
191444
191454
191459
191460
191461
191462
191465
191466
191468
191471
191481
191483
191484
191487
191488
191503
191508
191510
191512
191513
191520
191528
191529
191534
191537
191539
191554
191558
191564
191569
191570
191571
191575
191580
191584
191587
191595
191599
191601
191610
191615
191628
191637
191643
191644
191653
191655
191658
191670
191671
191676
191679
191680
191703
191704
191716
191718
191719
191721
191728
191731
191734
191735
191739
191740
191741
191742
191743
191744
191746
191747
191749
191751
191755
191761
191763
191764
191771
191780
191790
191793
191798
191799
191801
191816
191818
191819
191820
191824
191827
191830
191835
191836
191841
191844
191845
191849
191856
191860
191862
191863
191868
191869
191870
191871
191877
191883
191888
191889
191891
191892
191898
191900
191906
191909
191927
191938
191944
191948
191949
191951
191958
191961
191972
191977
191988
191991
191997
192000
192007
192009
192012
192019
192023
192034
192036
192039
192045
192046
192055
192067
192069
192070
192074
192091
192095
192099
192100
192105
192109
192114
192119
192122
192124
192127
192131
192135
192138
192143
192145
192150
192152
192159
192161
192168
192170
192178
192180
192182
192190
192191
192196
192208
192210
192216
192219
192221
192222
192226
192229
192231
192232
192234
192236
192246
192254
192258
192269
192272
192276
192278
192284
192285
192286
192294
192296
192298
192299
192305
192315
192320
192326
192328
192329
192330
192331
192334
192344
192350
192369
192372
192374
192376
192381
192383
192386
192390
192401
192404
192406
192417
192418
192422
192423
192426
192434
192437
192442
192445
192452
192460
192462
192463
192466
192475
192482
192483
192488
192489
192490
192493
192497
192498
192502
192504
192508
192510
192511
192513
192514
192516
192517
192519
192529
192534
192535
192546
192555
192556
192558
192563
192565
192571
192585
192588
192590
192593
192600
192611
192626
192633
192634
192637
192652
192653
192656
192658
192666
192667
192668
192670
192674
192678
192707
192711
192716
192718
192720
192731
192749
192750
192751
192754
192756
192758
192759
192762
192775
192780
192793
192795
192796
192809
192810
192812
192822
192825
192837
192838
192840
192842
192848
192854
192863
192865
192866
192869
192874
192881
192883
192887
192900
192903
192904
192907
192915
192927
192932
192936
192939
192943
192944
192945
192954
192962
192966
192978
192981
192982
192984
192993
192999
193000
193008
193020
193028
193032
193035
193037
193038
193046
193055
193058
193062
193065
193067
193073
193079
193082
193084
193092
193099
193101
193107
193114
193117
193121
193145
193146
193148
193156
193158
193167
193170
193174
193179
193181
193193
193203
193204
193206
193207
193213
193216
193217
193219
193220
193223
193230
193232
193241
193260
193268
193275
193278
193279
193281
193284
193290
193291
193295
193300
193301
193305
193310
193322
193324
193333
193340
193345
193347
193350
193352
193361
193362
193364
193367
193368
193370
193372
193373
193374
193375
193381
193386
193391
193393
193397
193398
193399
193404
193405
193411
193420
193432
193437
193443
193445
193446
193448
193467
193474
193481
193492
193500
193501
193508
193514
193515
193529
193532
193538
193552
193565
193566
193571
193577
193581
193590
193602
193620
193629
193631
193633
193636
193637
193638
193643
193648
193650
193654
193664
193666
193673
193676
193677
193679
193680
193698
193699
193705
193718
193726
193728
193731
193739
193742
193744
193748
193753
193762
193766
193769
193771
193775
193776
193779
193780
193784
193794
193798
193803
193804
193809
193812
193820
193824
193836
193837
193839
193845
193848
193849
193855
193858
193859
193861
193864
193865
193869
193880
193881
193882
193884
193885
193899
193903
193905
193911
193913
193914
193915
193916
193919
193920
193922
193923
193925
193929
193939
193947
193955
193956
193957
193959
193962
193965
193970
193980
193982
193988
193991
193992
193993
193995
193999
194001
194006
194007
194019
194024
194027
194029
194037
194038
194046
194053
194054
194055
194058
194064
194066
194067
194069
194074
194075
194085
194088
194092
194097
194100
194109
194113
194118
194128
194138
194143
194144
194148
194149
194152
194155
194164
194167
194169
194170
194175
194190
194194
194206
194226
194230
194233
194242
194245
194246
194248
194250
194258
194266
194273
194274
194276
194278
194279
194281
194288
194292
194294
194296
194303
194305
194317
194318
194324
194327
194329
194332
194348
194355
194366
194370
194373
194379
194380
194382
194387
194391
194394
194413
194415
194424
194438
194443
194448
194451
194458
194462
194464
194470
194474
194476
194479
194489
194492
194493
194501
194506
194512
194520
194522
194532
194539
194544
194545
194554
194561
194568
194569
194577
194579
194584
194586
194589
194593
194594
194596
194604
194607
194608
194610
194620
194624
194629
194635
194636
194643
194645
194647
194658
194661
194662
194664
194667
194678
194686
194695
194699
194701
194711
194715
194733
194736
194738
194739
194744
194745
194757
194769
194773
194774
194777
194783
194791
194797
194804
194808
194809
194810
194813
194844
194849
194860
194864
194871
194883
194886
194889
194890
194892
194896
194897
194902
194906
194912
194913
194920
194921
194922
194926
194938
194955
194959
194961
194970
194973
194981
194988
194996
195003
195005
195006
195007
195011
195012
195013
195022
195024
195026
195032
195052
195055
195058
195065
195066
195067
195075
195080
195086
195092
195100
195109
195121
195122
195123
195136
195140
195145
195147
195149
195152
195154
195161
195168
195175
195178
195181
195185
195191
195199
195204
195209
195212
195214
195218
195224
195229
195231
195240
195242
195248
195250
195251
195253
195258
195259
195269
195280
195286
195299
195305
195313
195316
195320
195321
195328
195332
195334
195335
195337
195344
195349
195351
195360
195368
195379
195381
195396
195400
195403
195411
195422
195423
195432
195434
195437
195438
195442
195445
195448
195452
195456
195457
195464
195465
195480
195484
195488
195489
195490
195493
195508
195513
195515
195517
195519
195522
195530
195532
195537
195540
195541
195543
195549
195550
195552
195565
195570
195578
195583
195587
195588
195590
195594
195599
195606
195611
195615
195625
195628
195637
195638
195645
195647
195649
195662
195681
195685
195690
195693
195706
195707
195709
195710
195715
195716
195728
195736
195740
195742
195746
195749
195750
195754
195758
195762
195765
195769
195775
195780
195782
195786
195794
195802
195808
195812
195817
195824
195830
195831
195840
195847
195850
195866
195868
195880
195885
195886
195890
195895
195896
195897
195899
195900
195903
195907
195910
195929
195931
195932
195935
195941
195943
195946
195948
195949
195951
195952
195954
195957
195958
195959
195961
195967
195968
195974
195985
195989
195990
195997
196010
196017
196019
196031
196033
196041
196045
196048
196054
196055
196063
196064
196065
196072
196074
196078
196081
196082
196086
196087
196088
196089
196090
196094
196097
196098
196104
196105
196111
196117
196127
196128
196134
196136
196139
196142
196150
196152
196162
196167
196168
196169
196181
196185
196189
196195
196199
196204
196205
196206
196215
196224
196226
196227
196228
196229
196232
196234
196240
196241
196243
196244
196246
196247
196251
196259
196261
196263
196272
196281
196285
196286
196288
196289
196294
196300
196302
196309
196310
196311
196316
196323
196331
196342
196344
196348
196350
196352
196354
196359
196373
196392
196400
196405
196415
196423
196441
196444
196447
196451
196457
196471
196491
196495
196500
196509
196511
196512
196517
196518
196542
196545
196546
196549
196556
196564
196565
196570
196573
196578
196581
196596
196603
196631
196634
196642
196644
196660
196663
196667
196678
196680
196688
196696
196698
196710
196723
196732
196735
196738
196739
196748
196753
196754
196763
196777
196779
196780
196787
196789
196794
196798
196806
196809
196811
196819
196821
196825
196834
196835
196840
196845
196847
196850
196855
196856
196858
196864
196869
196871
196878
196881
196882
196891
196904
196910
196914
196922
196923
196928
196931
196935
196942
196944
196947
196951
196961
196972
196973
196977
196981
196983
196986
196987
196992
196995
197002
197006
197018
197020
197024
197026
197027
197029
197037
197043
197051
197055
197056
197059
197070
197074
197075
197092
197095
197111
197118
197119
197123
197130
197144
197145
197148
197155
197157
197170
197172
197183
197185
197187
197195
197199
197202
197204
197212
197217
197240
197241
197247
197254
197259
197270
197277
197286
197288
197294
197296
197300
197306
197314
197321
197329
197330
197331
197338
197340
197345
197346
197349
197356
197357
197364
197375
197378
197392
197396
197401
197403
197405
197408
197412
197414
197418
197425
197434
197436
197441
197444
197448
197449
197460
197463
197464
197465
197472
197477
197481
197485
197488
197492
197500
197518
197531
197535
197541
197548
197552
197553
197559
197560
197585
197589
197591
197594
197596
197608
197609
197612
197614
197615
197621
197624
197627
197633
197638
197639
197644
197647
197652
197656
197657
197659
197671
197686
197687
197688
197689
197690
197694
197695
197700
197707
197715
197718
197721
197734
197740
197742
197746
197754
197782
197785
197796
197802
197803
197806
197809
197810
197812
197814
197818
197819
197827
197829
197832
197833
197839
197848
197864
197867
197869
197871
197872
197873
197895
197899
197901
197904
197907
197909
197912
197920
197921
197925
197926
197932
197943
197947
197950
197951
197954
197965
197975
197977
197988
197989
197992
198004
198006
198008
198017
198020
198035
198036
198037
198041
198056
198057
198063
198068
198069
198075
198078
198085
198093
198095
198096
198108
198109
198116
198119
198124
198127
198131
198136
198144
198148
198153
198158
198159
198161
198166
198173
198177
198180
198188
198189
198190
198191
198194
198198
198200
198213
198214
198216
198217
198228
198231
198237
198239
198242
198243
198248
198252
198253
198257
198259
198264
198280
198281
198283
198290
198296
198297
198302
198307
198309
198315
198330
198333
198336
198346
198350
198353
198355
198358
198360
198362
198363
198367
198368
198373
198374
198376
198377
198384
198403
198406
198411
198412
198413
198415
198420
198430
198432
198436
198438
198453
198454
198457
198458
198463
198468
198474
198478
198484
198486
198497
198500
198509
198511
198513
198517
198524
198525
198532
198538
198545
198547
198553
198555
198556
198558
198570
198573
198580
198587
198590
198593
198598
198599
198601
198616
198631
198634
198637
198638
198640
198641
198646
198652
198653
198656
198670
198671
198676
198684
198689
198691
198693
198703
198704
198706
198708
198714
198715
198723
198724
198725
198730
198745
198746
198748
198749
198753
198768
198774
198775
198779
198799
198800
198804
198812
198817
198828
198832
198833
198835
198839
198844
198849
198854
198864
198883
198884
198885
198895
198896
198902
198903
198908
198911
198917
198920
198922
198927
198930
198932
198941
198952
198953
198969
198972
198975
198977
198978
198985
198996
198997
198998
198999
199001
199002
199007
199017
199018
199043
199046
199051
199053
199054
199057
199062
199064
199066
199071
199076
199081
199085
199087
199091
199102
199104
199108
199117
199120
199124
199137
199140
199146
199148
199154
199156
199159
199163
199166
199167
199168
199170
199171
199173
199183
199193
199197
199199
199200
199203
199204
199221
199222
199240
199242
199263
199279
199282
199286
199288
199290
199291
199294
199298
199299
199302
199320
199328
199333
199335
199339
199342
199349
199355
199358
199359
199361
199368
199372
199375
199376
199379
199381
199384
199388
199397
199398
199411
199413
199418
199426
199428
199431
199434
199442
199446
199450
199458
199462
199478
199481
199482
199493
199494
199497
199499
199509
199514
199516
199518
199526
199530
199549
199550
199551
199552
199553
199558
199560
199565
199570
199581
199598
199605
199608
199617
199620
199627
199629
199632
199636
199640
199647
199648
199649
199659
199661
199663
199668
199674
199677
199681
199688
199698
199702
199703
199705
199709
199716
199722
199723
199726
199730
199731
199733
199734
199736
199737
199738
199743
199759
199765
199767
199777
199783
199789
199796
199802
199804
199816
199820
199822
199823
199830
199834
199840
199845
199846
199850
199853
199860
199869
199870
199871
199875
199878
199884
199888
199892
199895
199902
199904
199906
199916
199924
199926
199929
199941
199944
199946
199951
199958
199962
199967
199978
199979
199981
199982
199983
199996
199998
199999
200001
200011
200012
200016
200022
200033
200038
200063
200073
200074
200083
200095
200096
200099
200126
200127
200137
200138
200147
200149
200150
200151
200153
200156
200166
200172
200178
200182
200183
200191
200195
200197
200203
200204
200210
200211
200212
200216
200218
200219
200224
200240
200250
200257
200262
200287
200292
200294
200296
200298
200309
200311
200318
200320
200324
200328
200330
200333
200334
200338
200341
200348
200351
200354
200357
200363
200364
200368
200369
200372
200374
200380
200384
200391
200394
200409
200411
200415
200417
200423
200427
200428
200431
200434
200438
200454
200457
200460
200471
200477
200480
200481
200487
200498
200504
200506
200510
200511
200515
200517
200519
200533
200535
200536
200547
200556
200561
200563
200566
200569
200570
200571
200576
200577
200578
200580
200582
200592
200600
200608
200609
200614
200621
200626
200635
200638
200639
200640
200641
200646
200647
200650
200658
200662
200663
200671
200677
200680
200681
200686
200689
200690
200698
200701
200705
200712
200713
200717
200718
200719
200720
200724
200733
200735
200739
200744
200750
200753
200755
200758
200761
200764
200769
200773
200774
200776
200778
200779
200781
200787
200788
200791
200792
200794
200808
200812
200813
200816
200818
200819
200829
200830
200844
200849
200852
200867
200871
200872
200875
200892
200893
200897
200905
200914
200916
200917
200920
200932
200935
200937
200944
200950
200959
200966
200968
200970
200971
200978
200993
200994
200998
200999
201001
201005
201009
201010
201023
201028
201033
201034
201042
201045
201049
201052
201075
201085
201091
201093
201107
201119
201123
201127
201135
201145
201148
201151
201161
201162
201163
201169
201170
201171
201183
201186
201197
201199
201204
201205
201206
201210
201212
201223
201227
201235
201236
201238
201240
201243
201246
201258
201259
201261
201281
201290
201297
201301
201308
201316
201322
201323
201326
201334
201336
201337
201344
201349
201357
201361
201363
201368
201370
201386
201393
201394
201400
201405
201414
201420
201422
201432
201444
201452
201456
201457
201463
201470
201473
201482
201493
201494
201495
201501
201504
201507
201510
201515
201516
201524
201530
201541
201542
201543
201545
201550
201553
201565
201566
201569
201570
201580
201585
201593
201598
201602
201607
201611
201613
201619
201624
201625
201626
201634
201638
201640
201641
201647
201649
201651
201660
201662
201664
201681
201687
201689
201690
201692
201702
201709
201711
201714
201728
201731
201740
201741
201748
201752
201754
201756
201759
201766
201767
201769
201775
201777
201783
201789
201791
201793
201796
201799
201802
201805
201811
201822
201829
201833
201837
201838
201862
201863
201864
201866
201872
201873
201874
201883
201885
201892
201894
201895
201898
201899
201913
201921
201923
201925
201926
201927
201931
201932
201933
201935
201938
201940
201949
201951
201952
201955
201977
201978
201983
201984
201995
201997
202003
202005
202006
202009
202016
202018
202022
202023
202025
202040
202041
202049
202057
202062
202066
202068
202074
202079
202080
202083
202090
202092
202094
202102
202109
202110
202115
202118
202125
202132
202135
202146
202158
202159
202163
202167
202173
202181
202187
202194
202196
202203
202210
202212
202214
202221
202223
202227
202229
202231
202236
202237
202240
202246
202254
202256
202265
202271
202273
202274
202282
202283
202322
202324
202329
202330
202332
202335
202348
202362
202363
202364
202366
202370
202371
202372
202376
202378
202382
202386
202396
202398
202410
202415
202418
202427
202428
202431
202436
202443
202444
202455
202456
202470
202471
202477
202479
202483
202490
202491
202492
202500
202502
202506
202507
202508
202512
202516
202520
202522
202523
202525
202528
202530
202535
202536
202542
202545
202551
202555
202559
202561
202573
202575
202579
202581
202582
202583
202590
202592
202596
202600
202607
202610
202611
202620
202637
202640
202643
202644
202648
202652
202658
202659
202664
202678
202683
202689
202694
202695
202702
202706
202707
202711
202714
202715
202717
202722
202723
202729
202732
202733
202735
202737
202744
202755
202756
202757
202766
202771
202772
202780
202794
202800
202803
202808
202824
202825
202827
202837
202839
202844
202850
202852
202855
202856
202861
202879
202882
202888
202891
202895
202897
202909
202910
202916
202925
202929
202930
202954
202956
202961
202962
202973
202974
202984
202989
202991
202993
203011
203013
203018
203027
203028
203029
203030
203032
203040
203050
203051
203056
203059
203060
203062
203064
203065
203068
203070
203072
203073
203075
203076
203077
203081
203086
203087
203090
203094
203097
203107
203111
203120
203125
203127
203130
203134
203136
203140
203151
203152
203169
203174
203175
203176
203182
203188
203189
203192
203198
203199
203200
203202
203204
203207
203210
203215
203218
203221
203229
203230
203236
203241
203243
203247
203251
203253
203261
203266
203273
203277
203281
203284
203289
203292
203301
203306
203312
203314
203318
203322
203323
203326
203335
203338
203340
203343
203346
203351
203354
203358
203360
203363
203364
203366
203367
203368
203370
203372
203380
203386
203388
203389
203399
203401
203405
203409
203421
203426
203432
203440
203453
203457
203469
203471
203474
203490
203491
203492
203500
203501
203505
203506
203511
203513
203514
203520
203521
203523
203527
203533
203535
203547
203550
203551
203553
203556
203558
203569
203575
203576
203584
203586
203590
203596
203603
203612
203613
203615
203616
203617
203627
203628
203630
203647
203649
203656
203668
203669
203671
203673
203675
203676
203678
203691
203693
203694
203697
203700
203702
203703
203722
203735
203736
203740
203741
203742
203746
203748
203760
203763
203764
203769
203772
203776
203784
203785
203788
203792
203798
203802
203811
203816
203838
203841
203846
203848
203857
203860
203861
203878
203885
203899
203901
203904
203908
203912
203919
203920
203922
203931
203937
203938
203948
203953
203958
203962
203967
203968
203970
203971
203974
203982
203990
203997
204004
204006
204008
204010
204019
204020
204023
204030
204031
204033
204041
204042
204046
204049
204056
204058
204059
204064
204072
204080
204085
204087
204090
204104
204105
204106
204110
204122
204123
204126
204130
204139
204146
204152
204160
204161
204163
204167
204168
204171
204178
204181
204182
204184
204186
204189
204191
204195
204199
204205
204213
204214
204223
204234
204236
204244
204245
204255
204256
204258
204263
204265
204271
204272
204276
204277
204278
204279
204280
204286
204287
204288
204289
204303
204306
204316
204317
204323
204330
204332
204334
204336
204339
204350
204351
204353
204361
204372
204374
204378
204380
204384
204388
204394
204396
204397
204401
204405
204407
204412
204416
204420
204424
204426
204434
204440
204442
204447
204451
204452
204455
204456
204463
204467
204479
204481
204483
204499
204504
204507
204523
204525
204541
204546
204548
204553
204554
204562
204563
204565
204566
204568
204569
204578
204585
204586
204589
204590
204600
204607
204613
204618
204619
204639
204650
204655
204660
204663
204665
204667
204672
204673
204677
204681
204683
204687
204688
204694
204695
204696
204702
204706
204713
204716
204720
204729
204742
204748
204757
204760
204763
204765
204773
204775
204778
204789
204796
204798
204805
204820
204822
204823
204824
204830
204831
204834
204839
204842
204851
204869
204872
204874
204876
204877
204882
204885
204887
204888
204896
204898
204902
204917
204928
204937
204939
204940
204949
204951
204954
204958
204961
204966
204967
204968
204969
204970
204974
204982
204983
204984
204987
204988
204989
204991
204997
205006
205027
205030
205031
205038
205051
205056
205061
205063
205065
205067
205070
205071
205077
205078
205081
205082
205088
205093
205098
205099
205110
205117
205126
205127
205128
205132
205136
205139
205145
205148
205162
205166
205169
205170
205174
205187
205189
205190
205191
205195
205201
205225
205231
205235
205237
205242
205282
205287
205289
205293
205295
205298
205299
205303
205304
205307
205311
205312
205317
205330
205337
205358
205362
205376
205377
205378
205381
205385
205408
205411
205414
205415
205420
205421
205425
205428
205430
205431
205434
205435
205436
205447
205448
205450
205461
205464
205469
205473
205477
205487
205491
205492
205493
205498
205501
205503
205508
205510
205520
205522
205533
205543
205544
205550
205560
205572
205574
205575
205578
205584
205594
205604
205606
205611
205619
205620
205625
205626
205635
205646
205654
205658
205673
205681
205691
205693
205697
205698
205702
205708
205709
205710
205716
205734
205735
205736
205740
205743
205744
205752
205753
205755
205758
205760
205761
205762
205770
205771
205773
205780
205786
205789
205794
205795
205798
205809
205810
205813
205814
205816
205824
205832
205833
205839
205843
205845
205850
205851
205856
205861
205872
205874
205875
205880
205884
205886
205897
205899
205904
205912
205917
205934
205939
205942
205944
205951
205952
205954
205963
205971
205976
205997
206000
206002
206006
206012
206013
206014
206015
206024
206025
206037
206040
206045
206054
206077
206084
206090
206097
206101
206104
206109
206119
206131
206137
206144
206145
206153
206154
206159
206160
206164
206166
206175
206176
206185
206188
206199
206210
206220
206227
206232
206234
206237
206239
206252
206258
206279
206284
206292
206296
206302
206303
206309
206310
206314
206315
206316
206320
206322
206325
206326
206329
206332
206338
206340
206347
206363
206365
206367
206371
206374
206379
206380
206381
206395
206396
206402
206404
206408
206412
206413
206415
206418
206422
206423
206425
206444
206446
206449
206450
206454
206458
206461
206465
206470
206473
206487
206493
206498
206499
206501
206504
206507
206510
206513
206521
206527
206533
206534
206535
206536
206538
206545
206546
206556
206559
206577
206582
206593
206596
206597
206600
206602
206606
206620
206622
206628
206629
206630
206635
206637
206639
206640
206644
206645
206654
206655
206673
206676
206678
206682
206683
206685
206691
206699
206703
206704
206707
206708
206716
206720
206730
206738
206739
206742
206753
206756
206769
206770
206772
206774
206777
206789
206793
206796
206798
206799
206807
206810
206812
206822
206823
206824
206825
206830
206832
206840
206841
206856
206857
206858
206862
206863
206866
206869
206870
206874
206877
206889
206890
206892
206907
206914
206925
206927
206938
206940
206947
206948
206950
206958
206965
206975
206977
206986
207004
207005
207017
207019
207020
207025
207031
207039
207040
207042
207051
207052
207057
207064
207069
207076
207077
207079
207086
207091
207094
207097
207100
207103
207104
207105
207109
207116
207120
207122
207127
207128
207130
207133
207136
207141
207147
207148
207150
207152
207153
207155
207163
207171
207184
207187
207188
207201
207202
207204
207212
207220
207221
207225
207228
207238
207240
207251
207255
207263
207270
207278
207301
207302
207305
207314
207322
207324
207326
207332
207335
207336
207340
207349
207351
207353
207363
207369
207377
207382
207383
207395
207398
207403
207408
207427
207432
207437
207452
207453
207456
207459
207466
207471
207472
207483
207487
207489
207497
207498
207504
207508
207516
207519
207524
207531
207535
207537
207549
207551
207553
207557
207560
207561
207564
207565
207571
207573
207581
207582
207583
207589
207590
207594
207599
207601
207604
207605
207606
207616
207619
207622
207623
207624
207625
207630
207632
207634
207642
207647
207648
207655
207658
207667
207669
207689
207693
207696
207709
207711
207713
207714
207720
207721
207725
207733
207736
207739
207742
207754
207768
207769
207776
207791
207792
207793
207796
207808
207810
207818
207822
207823
207841
207842
207848
207851
207854
207855
207857
207862
207867
207869
207872
207876
207879
207880
207883
207894
207896
207899
207903
207904
207909
207914
207915
207916
207920
207933
207944
207946
207951
207954
207959
207963
207965
207969
207979
207980
207983
207996
208011
208016
208024
208032
208045
208048
208059
208062
208066
208069
208073
208075
208086
208087
208090
208100
208111
208112
208122
208128
208135
208139
208143
208145
208147
208151
208153
208157
208162
208163
208171
208178
208180
208183
208197
208204
208207
208210
208211
208213
208233
208239
208240
208242
208245
208251
208253
208258
208260
208264
208275
208277
208279
208282
208289
208290
208292
208297
208301
208308
208309
208310
208314
208317
208319
208320
208331
208335
208337
208345
208350
208354
208362
208367
208368
208370
208380
208381
208386
208388
208390
208396
208400
208401
208402
208403
208417
208420
208425
208426
208427
208435
208444
208445
208451
208452
208471
208472
208481
208488
208491
208500
208503
208513
208519
208520
208523
208528
208531
208535
208537
208541
208567
208570
208578
208585
208595
208606
208613
208615
208617
208629
208633
208646
208653
208658
208659
208661
208668
208670
208672
208673
208676
208692
208695
208702
208703
208709
208710
208712
208715
208724
208725
208739
208745
208748
208752
208758
208764
208768
208778
208792
208794
208806
208808
208815
208820
208822
208824
208830
208837
208839
208843
208849
208850
208851
208852
208863
208866
208872
208873
208875
208880
208881
208886
208890
208891
208893
208895
208901
208907
208913
208914
208923
208925
208931
208932
208934
208950
208953
208955
208970
208974
208985
208987
208989
209002
209008
209009
209018
209022
209024
209026
209031
209033
209035
209044
209046
209048
209049
209053
209055
209057
209058
209060
209062
209066
209069
209076
209082
209083
209088
209090
209092
209100
209102
209103
209112
209114
209115
209118
209122
209125
209126
209131
209136
209142
209149
209158
209160
209165
209166
209167
209173
209176
209188
209195
209206
209210
209211
209214
209216
209221
209224
209227
209246
209248
209252
209254
209258
209273
209276
209281
209285
209293
209305
209309
209333
209335
209336
209338
209342
209345
209348
209349
209351
209358
209359
209369
209381
209384
209387
209397
209398
209405
209408
209422
209423
209433
209451
209458
209459
209464
209470
209473
209475
209481
209492
209495
209504
209514
209515
209522
209524
209537
209544
209546
209556
209558
209575
209581
209585
209586
209588
209596
209601
209603
209608
209616
209625
209629
209630
209653
209655
209661
209662
209664
209666
209668
209671
209679
209683
209690
209692
209697
209703
209704
209705
209713
209716
209717
209727
209729
209738
209743
209753
209767
209773
209777
209795
209800
209801
209802
209803
209807
209815
209823
209828
209836
209838
209841
209848
209849
209851
209862
209864
209865
209866
209867
209868
209871
209874
209877
209878
209879
209883
209885
209887
209888
209896
209902
209909
209918
209926
209928
209942
209947
209948
209949
209950
209954
209962
209978
209981
209982
209986
209989
209991
210004
210007
210008
210017
210018
210024
210030
210037
210043
210045
210053
210061
210071
210076
210083
210085
210096
210102
210104
210111
210125
210130
210134
210140
210143
210152
210156
210158
210161
210163
210174
210178
210181
210183
210185
210186
210200
210210
210213
210216
210219
210222
210225
210226
210231
210237
210238
210242
210251
210254
210261
210266
210271
210273
210278
210281
210284
210288
210294
210311
210314
210320
210322
210326
210327
210335
210337
210344
210346
210363
210370
210371
210384
210396
210397
210400
210405
210417
210424
210432
210436
210437
210442
210447
210466
210468
210469
210473
210474
210477
210482
210485
210486
210489
210496
210497
210508
210509
210511
210514
210516
210522
210524
210534
210535
210540
210544
210557
210574
210576
210578
210580
210581
210583
210590
210596
210597
210600
210615
210621
210622
210629
210630
210632
210639
210643
210644
210646
210651
210653
210654
210657
210658
210660
210662
210666
210667
210669
210673
210675
210676
210681
210686
210688
210692
210715
210720
210722
210725
210730
210733
210738
210739
210748
210750
210754
210758
210761
210762
210780
210783
210794
210795
210796
210801
210804
210810
210820
210821
210822
210832
210835
210837
210838
210851
210858
210864
210865
210866
210868
210870
210874
210877
210881
210885
210888
210898
210902
210903
210912
210916
210919
210923
210926
210930
210932
210944
210947
210955
210958
210960
210966
210967
210970
210974
210975
210990
210991
210992
210995
210996
211010
211014
211022
211028
211029
211046
211050
211058
211059
211063
211066
211071
211076
211082
211083
211091
211093
211102
211106
211107
211112
211115
211133
211136
211138
211139
211142
211147
211150
211157
211161
211164
211166
211168
211169
211178
211183
211192
211194
211195
211204
211207
211221
211231
211235
211240
211241
211243
211247
211252
211255
211260
211262
211267
211271
211277
211278
211283
211284
211289
211291
211294
211309
211312
211313
211317
211319
211321
211326
211328
211331
211332
211337
211338
211349
211351
211357
211359
211361
211363
211380
211381
211384
211387
211391
211393
211398
211403
211407
211436
211440
211443
211460
211465
211492
211494
211498
211499
211501
211504
211516
211519
211530
211532
211534
211546
211555
211558
211560
211569
211578
211583
211584
211590
211593
211603
211604
211609
211614
211620
211623
211626
211630
211639
211640
211644
211646
211647
211651
211660
211675
211676
211687
211694
211695
211697
211698
211703
211707
211708
211712
211715
211717
211722
211723
211732
211734
211735
211740
211742
211744
211746
211753
211755
211757
211763
211765
211766
211774
211779
211782
211783
211784
211799
211807
211808
211809
211812
211816
211821
211828
211833
211834
211843
211850
211852
211853
211854
211862
211863
211866
211879
211882
211884
211888
211898
211904
211910
211924
211929
211933
211937
211945
211948
211949
211957
211958
211970
211974
211975
211976
211979
211981
211985
211986
211987
211992
211996
212012
212018
212020
212034
212049
212056
212057
212062
212075
212076
212082
212085
212086
212087
212088
212094
212098
212101
212106
212109
212116
212128
212132
212136
212139
212144
212148
212152
212158
212161
212164
212166
212185
212186
212193
212195
212207
212211
212222
212234
212242
212250
212256
212258
212260
212262
212270
212273
212274
212275
212276
212278
212281
212286
212287
212294
212296
212298
212304
212314
212322
212329
212330
212344
212351
212360
212363
212365
212372
212378
212380
212381
212384
212388
212400
212415
212416
212425
212426
212433
212437
212438
212441
212442
212452
212460
212464
212471
212472
212474
212477
212478
212488
212491
212495
212500
212503
212505
212520
212522
212524
212525
212530
212534
212536
212545
212554
212561
212578
212580
212584
212585
212589
212592
212594
212598
212599
212603
212606
212609
212615
212630
212639
212642
212644
212647
212654
212657
212673
212680
212681
212685
212691
212694
212695
212708
212709
212714
212721
212724
212727
212728
212729
212730
212731
212732
212734
212737
212742
212747
212749
212750
212761
212764
212765
212771
212772
212773
212776
212779
212781
212783
212809
212810
212812
212814
212827
212829
212837
212849
212855
212856
212866
212867
212870
212883
212886
212901
212907
212911
212913
212915
212921
212931
212934
212941
212942
212944
212950
212951
212961
212965
212969
212971
212972
212976
212978
212979
212984
212989
212990
212992
212994
212995
212998
212999
213000
213002
213005
213007
213017
213019
213023
213027
213045
213047
213049
213054
213056
213059
213063
213074
213075
213078
213081
213084
213086
213089
213094
213098
213102
213111
213114
213120
213126
213130
213136
213137
213142
213160
213161
213178
213190
213192
213193
213195
213199
213200
213207
213213
213219
213222
213228
213232
213236
213238
213240
213241
213242
213244
213246
213248
213252
213260
213266
213274
213276
213285
213288
213301
213303
213310
213315
213322
213323
213330
213333
213355
213357
213360
213362
213372
213374
213377
213378
213386
213389
213391
213400
213401
213403
213412
213419
213424
213428
213429
213432
213433
213446
213454
213456
213457
213464
213468
213472
213479
213480
213484
213486
213489
213492
213509
213512
213521
213522
213532
213533
213542
213560
213565
213573
213576
213580
213591
213593
213598
213601
213602
213607
213613
213614
213615
213618
213627
213634
213636
213645
213656
213658
213666
213671
213677
213681
213693
213696
213707
213710
213712
213718
213720
213724
213727
213735
213738
213741
213742
213755
213763
213765
213768
213769
213780
213789
213792
213804
213807
213811
213814
213815
213826
213835
213840
213843
213844
213848
213855
213872
213873
213875
213877
213880
213881
213884
213887
213892
213894
213895
213897
213900
213901
213904
213911
213916
213920
213925
213927
213936
213938
213939
213947
213949
213954
213962
213963
213966
213968
213972
213973
213974
213981
213982
213985
213987
213995
213996
214003
214005
214012
214024
214029
214030
214031
214037
214041
214042
214047
214048
214052
214056
214081
214085
214090
214095
214103
214105
214114
214120
214125
214131
214135
214140
214142
214152
214162
214163
214165
214173
214179
214180
214183
214186
214193
214195
214196
214200
214207
214211
214215
214218
214227
214228
214231
214238
214241
214244
214248
214249
214256
214261
214264
214269
214273
214284
214287
214289
214293
214296
214298
214299
214301
214302
214307
214314
214318
214320
214333
214334
214341
214342
214344
214346
214350
214355
214357
214359
214366
214373
214381
214388
214391
214396
214403
214409
214413
214415
214417
214423
214424
214428
214430
214435
214453
214461
214464
214470
214471
214482
214490
214498
214509
214512
214514
214522
214540
214550
214551
214559
214562
214563
214569
214574
214582
214602
214603
214606
214607
214612
214613
214618
214620
214623
214624
214632
214637
214638
214648
214652
214666
214669
214672
214673
214683
214691
214693
214697
214698
214699
214707
214709
214715
214716
214725
214726
214729
214731
214735
214748
214755
214762
214763
214764
214770
214771
214772
214778
214780
214795
214800
214804
214806
214812
214813
214815
214820
214822
214823
214824
214830
214850
214857
214873
214877
214884
214885
214890
214891
214892
214896
214905
214908
214913
214914
214919
214924
214933
214935
214937
214938
214939
214942
214946
214954
214957
214959
214964
214965
214969
214979
214986
214990
214992
215010
215011
215018
215025
215026
215034
215036
215045
215051
215058
215059
215063
215066
215068
215069
215076
215081
215084
215094
215097
215102
215109
215110
215112
215124
215130
215132
215134
215144
215145
215151
215153
215154
215158
215160
215161
215162
215163
215167
215171
215172
215173
215178
215181
215187
215197
215198
215202
215207
215209
215211
215216
215217
215218
215220
215225
215235
215243
215256
215263
215270
215275
215281
215287
215296
215299
215301
215304
215305
215309
215312
215315
215316
215322
215323
215332
215339
215343
215351
215355
215361
215364
215365
215368
215373
215376
215380
215381
215382
215386
215388
215391
215399
215403
215405
215406
215410
215412
215416
215428
215439
215440
215448
215449
215450
215459
215461
215462
215478
215485
215494
215505
215509
215514
215520
215528
215531
215542
215543
215552
215559
215561
215567
215568
215571
215573
215590
215592
215595
215596
215599
215601
215602
215605
215606
215610
215620
215635
215637
215639
215642
215646
215652
215654
215664
215673
215687
215688
215689
215693
215694
215700
215701
215702
215703
215705
215707
215730
215731
215736
215743
215746
215753
215761
215764
215769
215771
215778
215781
215785
215789
215792
215795
215801
215803
215805
215807
215808
215816
215818
215819
215823
215824
215828
215833
215836
215839
215842
215850
215859
215867
215868
215871
215875
215876
215882
215883
215888
215896
215899
215903
215910
215916
215920
215921
215932
215940
215941
215942
215944
215946
215955
215956
215969
215971
215992
215997
216000
216007
216012
216020
216029
216031
216036
216037
216041
216045
216046
216047
216049
216050
216058
216060
216062
216067
216073
216092
216103
216111
216113
216127
216129
216130
216131
216132
216133
216136
216138
216142
216147
216148
216155
216159
216160
216168
216171
216174
216193
216198
216199
216204
216205
216208
216212
216227
216228
216234
216236
216238
216241
216242
216246
216252
216253
216269
216274
216278
216283
216284
216288
216290
216292
216295
216299
216302
216311
216314
216316
216318
216320
216322
216326
216331
216334
216341
216342
216345
216350
216352
216360
216363
216364
216366
216368
216372
216373
216374
216380
216382
216388
216391
216395
216397
216404
216405
216406
216408
216413
216415
216418
216422
216427
216430
216439
216448
216451
216452
216461
216474
216476
216478
216479
216484
216496
216509
216515
216516
216520
216528
216536
216539
216544
216549
216555
216568
216570
216574
216577
216582
216583
216587
216589
216590
216598
216612
216614
216618
216630
216632
216635
216643
216644
216646
216650
216654
216663
216667
216673
216681
216688
216690
216701
216725
216726
216727
216734
216740
216741
216744
216747
216756
216766
216768
216769
216771
216772
216781
216783
216796
216800
216806
216809
216821
216822
216823
216827
216834
216836
216844
216849
216853
216861
216863
216866
216869
216878
216880
216891
216898
216911
216926
216929
216931
216938
216939
216952
216959
216968
216971
216972
216974
216979
216980
216988
216991
216994
216995
216996
217001
217004
217005
217020
217038
217041
217044
217047
217048
217049
217057
217062
217063
217068
217073
217076
217079
217084
217092
217100
217101
217102
217106
217108
217118
217125
217127
217132
217133
217140
217144
217163
217169
217178
217194
217199
217200
217201
217202
217211
217213
217216
217217
217218
217219
217220
217226
217231
217233
217234
217235
217242
217250
217257
217264
217270
217275
217278
217286
217294
217300
217305
217306
217308
217311
217312
217323
217332
217339
217345
217346
217356
217358
217360
217364
217370
217375
217379
217384
217385
217387
217388
217389
217390
217393
217395
217397
217405
217406
217414
217415
217424
217432
217435
217436
217440
217451
217454
217458
217465
217490
217504
217510
217519
217521
217530
217536
217537
217542
217543
217549
217554
217580
217587
217597
217601
217606
217609
217611
217624
217626
217627
217634
217636
217639
217642
217647
217648
217651
217657
217659
217660
217661
217664
217665
217669
217677
217684
217692
217693
217694
217704
217712
217717
217723
217737
217748
217749
217766
217776
217777
217786
217788
217791
217800
217802
217803
217805
217806
217808
217814
217820
217826
217835
217836
217838
217848
217852
217855
217858
217859
217861
217862
217868
217877
217878
217879
217880
217882
217884
217885
217889
217900
217909
217917
217918
217921
217922
217925
217926
217931
217936
217943
217945
217948
217950
217952
217956
217973
217983
217989
217990
217991
217993
217998
218004
218005
218009
218012
218013
218015
218021
218022
218025
218028
218032
218033
218040
218041
218047
218048
218058
218061
218062
218065
218070
218073
218075
218083
218084
218085
218089
218092
218093
218100
218108
218110
218118
218129
218133
218140
218154
218155
218156
218164
218165
218167
218173
218174
218178
218192
218197
218205
218207
218208
218209
218210
218220
218222
218232
218246
218253
218258
218267
218279
218281
218286
218290
218291
218310
218311
218317
218323
218325
218337
218340
218343
218344
218347
218350
218352
218353
218369
218373
218378
218381
218383
218385
218388
218390
218404
218407
218416
218431
218433
218436
218447
218452
218457
218460
218463
218464
218465
218466
218476
218478
218481
218482
218486
218493
218500
218511
218515
218516
218517
218521
218525
218528
218533
218535
218550
218556
218557
218567
218569
218571
218574
218575
218586
218587
218592
218594
218595
218596
218599
218600
218602
218612
218614
218616
218625
218628
218633
218639
218641
218642
218643
218648
218653
218655
218660
218661
218670
218673
218676
218678
218679
218692
218702
218705
218707
218709
218717
218719
218720
218723
218724
218726
218727
218730
218737
218755
218762
218763
218765
218768
218782
218783
218786
218789
218791
218804
218813
218815
218821
218827
218831
218844
218845
218852
218855
218858
218863
218865
218866
218872
218873
218875
218879
218881
218882
218886
218901
218902
218906
218907
218908
218910
218911
218923
218924
218936
218941
218951
218952
218956
218971
218974
218982
218985
218986
218989
218991
218992
218996
218997
218998
219000
219013
219017
219022
219031
219038
219041
219047
219048
219051
219055
219058
219060
219065
219066
219067
219068
219076
219078
219090
219091
219096
219104
219105
219112
219114
219116
219123
219130
219138
219143
219146
219150
219154
219156
219160
219174
219175
219181
219182
219186
219187
219201
219212
219213
219228
219231
219236
219238
219244
219247
219249
219252
219253
219259
219261
219263
219266
219268
219274
219282
219294
219310
219311
219319
219321
219324
219327
219329
219334
219337
219339
219344
219345
219346
219347
219351
219352
219353
219355
219361
219368
219382
219384
219385
219387
219389
219395
219403
219406
219407
219410
219413
219414
219418
219425
219431
219441
219451
219454
219456
219459
219460
219462
219466
219484
219486
219489
219493
219494
219495
219502
219512
219514
219520
219530
219533
219535
219542
219543
219549
219552
219557
219558
219559
219565
219570
219571
219577
219578
219585
219587
219591
219593
219597
219599
219600
219604
219610
219622
219624
219629
219636
219642
219644
219651
219661
219665
219672
219680
219695
219696
219701
219702
219704
219705
219706
219714
219715
219718
219719
219721
219725
219726
219727
219730
219732
219736
219743
219756
219757
219758
219762
219769
219775
219786
219790
219793
219796
219802
219804
219808
219809
219812
219815
219818
219825
219826
219832
219838
219839
219842
219845
219862
219882
219891
219892
219899
219900
219906
219920
219923
219926
219927
219930
219938
219954
219957
219958
219966
219969
219972
219973
219989
219991
219992
219996
220001
220009
220011
220014
220030
220038
220044
220048
220052
220053
220062
220067
220071
220073
220078
220081
220093
220097
220104
220105
220110
220124
220127
220134
220139
220142
220149
220158
220172
220173
220181
220184
220185
220190
220204
220209
220212
220218
220224
220225
220226
220233
220234
220239
220244
220249
220252
220253
220261
220265
220274
220276
220278
220285
220290
220291
220294
220303
220309
220315
220321
220324
220327
220338
220346
220347
220348
220364
220365
220367
220369
220381
220393
220397
220407
220409
220413
220422
220423
220424
220425
220426
220434
220437
220443
220448
220465
220469
220474
220478
220479
220482
220483
220487
220493
220494
220495
220498
220501
220505
220517
220518
220535
220543
220544
220545
220556
220561
220563
220564
220568
220573
220583
220593
220594
220597
220601
220609
220618
220622
220634
220641
220643
220644
220645
220651
220654
220656
220657
220661
220665
220667
220669
220673
220682
220689
220693
220695
220699
220710
220715
220723
220724
220726
220728
220733
220735
220740
220742
220745
220750
220754
220760
220770
220774
220779
220780
220787
220789
220793
220794
220796
220797
220798
220805
220810
220815
220821
220822
220827
220829
220832
220835
220837
220842
220844
220848
220851
220852
220855
220856
220860
220871
220872
220884
220887
220890
220893
220899
220904
220910
220911
220926
220928
220936
220949
220955
220965
220971
220976
220978
220984
220998
221004
221008
221017
221028
221030
221033
221034
221036
221044
221047
221050
221051
221052
221056
221063
221080
221083
221084
221087
221089
221090
221094
221101
221110
221118
221122
221125
221126
221127
221128
221132
221133
221138
221140
221141
221144
221148
221152
221164
221165
221166
221167
221168
221171
221172
221182
221183
221189
221190
221191
221203
221222
221224
221225
221231
221232
221233
221239
221241
221243
221255
221267
221269
221274
221276
221279
221283
221292
221301
221304
221312
221314
221319
221325
221330
221334
221340
221348
221350
221351
221353
221370
221374
221385
221389
221390
221391
221398
221400
221401
221403
221405
221406
221414
221417
221420
221423
221425
221431
221438
221439
221444
221445
221446
221449
221452
221453
221455
221463
221474
221475
221477
221481
221484
221487
221493
221498
221500
221508
221510
221513
221520
221524
221531
221540
221544
221545
221546
221552
221557
221559
221564
221570
221571
221581
221582
221588
221597
221604
221606
221618
221619
221620
221623
221635
221645
221649
221660
221669
221679
221682
221683
221690
221715
221720
221726
221729
221737
221739
221741
221747
221753
221755
221756
221763
221775
221780
221785
221786
221791
221792
221795
221804
221811
221821
221822
221828
221840
221841
221851
221857
221858
221866
221870
221874
221876
221881
221888
221892
221901
221902
221912
221916
221928
221931
221938
221940
221952
221961
221963
221964
221966
221969
221973
221980
221981
221984
221991
221995
221999
222003
222005
222012
222013
222018
222025
222026
222032
222042
222045
222053
222057
222064
222066
222086
222088
222097
222098
222103
222105
222108
222117
222131
222136
222139
222145
222153
222162
222163
222165
222166
222169
222179
222182
222187
222189
222196
222202
222206
222211
222214
222239
222243
222247
222251
222261
222265
222266
222269
222276
222278
222283
222284
222292
222297
222299
222301
222304
222305
222306
222311
222312
222316
222322
222323
222324
222327
222329
222333
222345
222347
222348
222372
222374
222379
222392
222393
222404
222408
222412
222413
222414
222416
222424
222429
222435
222440
222443
222446
222451
222455
222457
222459
222461
222470
222471
222475
222479
222480
222491
222497
222503
222504
222505
222513
222526
222531
222534
222541
222546
222551
222553
222560
222561
222562
222563
222564
222566
222574
222576
222578
222579
222583
222585
222593
222597
222598
222601
222602
222605
222608
222623
222627
222630
222633
222638
222643
222645
222649
222656
222664
222676
222680
222681
222683
222698
222701
222715
222719
222724
222728
222729
222731
222734
222744
222749
222756
222758
222759
222761
222770
222772
222774
222785
222802
222804
222805
222808
222811
222816
222820
222826
222827
222832
222833
222850
222852
222855
222856
222857
222860
222863
222867
222868
222869
222870
222874
222890
222893
222896
222899
222901
222908
222912
222914
222917
222920
222925
222927
222929
222930
222937
222943
222968
222973
222985
222991
223001
223007
223010
223011
223012
223013
223023
223024
223027
223029
223030
223040
223043
223049
223052
223056
223058
223075
223077
223078
223085
223088
223089
223090
223098
223106
223110
223113
223116
223125
223126
223142
223147
223156
223157
223164
223169
223176
223191
223196
223197
223198
223204
223208
223209
223214
223221
223223
223225
223230
223231
223232
223238
223240
223242
223245
223255
223256
223258
223261
223262
223263
223268
223271
223272
223285
223291
223292
223301
223307
223310
223312
223314
223316
223317
223320
223324
223325
223333
223334
223337
223340
223343
223346
223349
223354
223355
223361
223363
223369
223370
223401
223402
223405
223419
223421
223427
223430
223431
223435
223440
223449
223452
223457
223461
223464
223467
223471
223472
223473
223478
223479
223481
223483
223488
223492
223495
223496
223507
223511
223523
223525
223527
223529
223532
223533
223534
223542
223552
223553
223561
223576
223578
223580
223581
223586
223588
223592
223593
223596
223603
223606
223609
223616
223620
223622
223625
223638
223659
223665
223667
223677
223680
223683
223687
223688
223692
223693
223697
223703
223704
223710
223723
223727
223729
223730
223733
223735
223739
223744
223750
223761
223771
223775
223784
223794
223795
223806
223808
223809
223812
223820
223825
223828
223829
223836
223839
223842
223843
223849
223855
223862
223863
223865
223866
223868
223872
223879
223885
223887
223888
223898
223900
223901
223906
223908
223910
223915
223918
223925
223942
223943
223955
223959
223961
223963
223967
223968
223971
223976
223978
223979
223991
224000
224003
224004
224005
224006
224007
224010
224012
224017
224022
224023
224041
224056
224057
224068
224070
224072
224073
224074
224075
224081
224101
224104
224107
224109
224112
224114
224116
224117
224122
224124
224125
224127
224129
224135
224145
224154
224155
224158
224159
224170
224176
224179
224184
224188
224191
224193
224195
224200
224203
224206
224215
224218
224219
224222
224223
224232
224235
224236
224242
224244
224250
224255
224258
224260
224267
224271
224282
224292
224294
224301
224306
224310
224322
224323
224325
224330
224336
224338
224343
224348
224349
224352
224359
224376
224384
224385
224392
224395
224397
224401
224404
224405
224408
224429
224442
224449
224451
224452
224453
224469
224472
224481
224483
224495
224501
224504
224510
224511
224517
224522
224528
224536
224537
224538
224539
224541
224545
224548
224573
224574
224579
224585
224588
224598
224603
224619
224620
224632
224641
224649
224650
224657
224660
224664
224666
224667
224668
224669
224670
224679
224680
224685
224687
224690
224692
224695
224701
224707
224708
224709
224715
224724
224725
224728
224729
224734
224735
224736
224738
224739
224744
224746
224759
224761
224767
224771
224785
224796
224798
224800
224802
224809
224815
224818
224821
224830
224839
224844
224848
224870
224877
224878
224885
224902
224910
224911
224912
224916
224917
224923
224924
224930
224937
224949
224953
224954
224961
224962
224968
224970
224974
224975
224977
224979
224983
224992
225002
225006
225011
225022
225027
225035
225041
225045
225047
225049
225053
225056
225060
225063
225066
225068
225070
225071
225072
225075
225079
225080
225083
225086
225089
225090
225092
225094
225098
225101
225110
225111
225119
225122
225125
225127
225128
225131
225133
225147
225152
225157
225162
225163
225169
225171
225172
225173
225180
225181
225183
225185
225186
225191
225192
225194
225195
225203
225212
225215
225220
225225
225239
225241
225243
225244
225245
225247
225254
225262
225264
225265
225269
225270
225277
225281
225283
225284
225287
225296
225298
225304
225321
225324
225325
225326
225327
225331
225333
225336
225338
225340
225345
225347
225351
225353
225362
225365
225366
225367
225370
225373
225381
225387
225391
225395
225399
225402
225404
225407
225414
225420
225421
225424
225425
225426
225433
225449
225452
225453
225454
225457
225460
225466
225469
225470
225472
225474
225479
225484
225492
225499
225503
225504
225507
225508
225509
225512
225529
225564
225567
225571
225577
225578
225586
225591
225616
225619
225620
225623
225633
225634
225642
225651
225652
225653
225654
225658
225665
225667
225668
225669
225683
225686
225691
225693
225698
225700
225704
225721
225727
225730
225734
225746
225748
225749
225751
225756
225757
225760
225762
225763
225766
225769
225771
225772
225773
225787
225790
225792
225795
225799
225804
225806
225813
225817
225820
225824
225828
225832
225834
225841
225846
225848
225852
225857
225862
225865
225867
225872
225875
225884
225887
225890
225893
225901
225908
225909
225914
225915
225923
225924
225925
225926
225936
225937
225943
225949
225952
225956
225958
225963
225965
225968
225974
225979
225986
225994
225995
225997
225998
225999
226000
226013
226015
226018
226021
226023
226024
226029
226038
226064
226079
226080
226089
226094
226106
226107
226114
226118
226121
226125
226126
226132
226135
226138
226143
226145
226148
226153
226156
226161
226163
226164
226185
226188
226200
226204
226213
226221
226222
226226
226229
226241
226250
226253
226255
226261
226263
226268
226274
226278
226283
226289
226291
226293
226297
226298
226299
226304
226310
226311
226322
226332
226340
226343
226347
226353
226357
226358
226370
226372
226374
226376
226379
226383
226391
226401
226405
226406
226412
226414
226416
226417
226419
226430
226431
226435
226450
226451
226452
226459
226468
226477
226479
226481
226483
226490
226491
226494
226505
226507
226508
226515
226530
226534
226540
226546
226547
226553
226556
226559
226570
226574
226578
226579
226583
226592
226601
226607
226614
226615
226616
226617
226622
226623
226630
226637
226644
226647
226650
226656
226657
226660
226673
226686
226696
226708
226710
226711
226719
226720
226721
226723
226733
226734
226747
226748
226756
226761
226765
226766
226770
226780
226800
226805
226807
226808
226815
226819
226824
226829
226830
226832
226835
226838
226842
226845
226846
226853
226858
226860
226862
226863
226867
226871
226873
226874
226875
226877
226882
226887
226889
226897
226898
226908
226912
226921
226923
226928
226929
226932
226936
226937
226957
226958
226961
226963
226967
226973
226979
226983
226984
226989
226991
226996
226997
227002
227005
227012
227014
227037
227042
227046
227051
227053
227054
227056
227061
227066
227076
227083
227085
227092
227095
227098
227102
227107
227114
227122
227124
227128
227130
227134
227135
227137
227140
227151
227187
227190
227191
227202
227210
227213
227217
227221
227224
227233
227235
227241
227242
227251
227254
227262
227264
227269
227270
227272
227283
227290
227292
227294
227295
227296
227299
227306
227312
227319
227323
227329
227333
227339
227343
227346
227352
227354
227355
227358
227359
227362
227372
227373
227376
227383
227389
227390
227393
227396
227397
227403
227408
227416
227418
227426
227429
227435
227438
227439
227448
227451
227452
227463
227465
227467
227476
227479
227480
227481
227482
227488
227493
227498
227509
227511
227512
227519
227521
227535
227540
227541
227545
227548
227551
227560
227570
227576
227587
227590
227600
227602
227610
227613
227617
227619
227623
227640
227641
227642
227647
227650
227653
227656
227659
227672
227677
227689
227691
227693
227698
227706
227710
227714
227721
227722
227723
227730
227731
227732
227733
227736
227743
227745
227746
227749
227752
227755
227759
227764
227765
227771
227775
227777
227781
227783
227785
227787
227789
227791
227803
227810
227816
227819
227820
227826
227830
227832
227834
227835
227836
227844
227848
227850
227865
227878
227881
227882
227890
227902
227907
227908
227918
227921
227923
227924
227928
227936
227942
227945
227947
227951
227959
227966
227968
227973
227978
227980
227984
227985
227988
228001
228004
228005
228007
228009
228010
228011
228015
228023
228028
228035
228043
228050
228054
228067
228069
228085
228086
228087
228090
228094
228098
228100
228101
228105
228107
228113
228120
228124
228131
228137
228140
228149
228151
228157
228163
228167
228178
228184
228201
228205
228210
228214
228216
228220
228221
228223
228224
228236
228243
228253
228270
228272
228273
228274
228275
228277
228285
228288
228291
228293
228296
228302
228304
228305
228310
228314
228326
228327
228338
228339
228342
228343
228351
228354
228356
228357
228362
228365
228374
228382
228384
228388
228392
228401
228404
228411
228421
228424
228426
228427
228428
228433
228436
228441
228446
228448
228449
228452
228454
228459
228462
228467
228472
228475
228481
228482
228489
228492
228502
228506
228507
228511
228512
228514
228518
228519
228521
228537
228545
228550
228554
228557
228569
228571
228579
228590
228594
228597
228599
228600
228602
228603
228610
228613
228617
228618
228619
228622
228623
228625
228626
228627
228629
228631
228635
228637
228640
228645
228653
228659
228664
228666
228667
228672
228684
228685
228688
228699
228714
228722
228723
228724
228726
228727
228738
228740
228743
228750
228752
228766
228772
228780
228783
228788
228792
228794
228802
228804
228811
228816
228825
228830
228831
228847
228850
228853
228855
228858
228861
228862
228865
228871
228876
228880
228882
228884
228888
228892
228905
228906
228908
228912
228919
228923
228936
228947
228955
228961
228964
228966
228974
228977
228980
228995
229001
229002
229007
229012
229016
229017
229019
229021
229024
229025
229033
229034
229037
229039
229043
229044
229047
229067
229068
229072
229082
229087
229090
229094
229096
229105
229107
229109
229112
229113
229115
229136
229138
229151
229152
229153
229161
229162
229169
229184
229185
229188
229191
229192
229198
229199
229201
229203
229213
229218
229224
229228
229240
229250
229258
229262
229267
229269
229275
229281
229283
229291
229295
229337
229360
229362
229366
229371
229373
229379
229384
229389
229390
229391
229393
229399
229404
229412
229414
229416
229420
229421
229430
229432
229433
229440
229446
229447
229448
229449
229454
229459
229462
229463
229469
229470
229473
229474
229476
229479
229482
229486
229490
229495
229499
229510
229520
229521
229522
229524
229528
229533
229535
229536
229542
229548
229549
229551
229555
229559
229574
229577
229584
229585
229586
229587
229592
229595
229597
229598
229612
229618
229619
229620
229622
229623
229625
229628
229632
229633
229638
229658
229660
229665
229671
229672
229675
229683
229685
229691
229692
229699
229703
229707
229712
229715
229720
229723
229724
229736
229737
229739
229743
229746
229753
229754
229758
229759
229765
229767
229768
229779
229783
229785
229786
229787
229788
229791
229796
229804
229813
229814
229815
229824
229828
229830
229833
229835
229836
229838
229844
229847
229853
229863
229864
229866
229867
229883
229884
229885
229887
229888
229901
229902
229903
229928
229935
229939
229941
229943
229947
229949
229953
229966
229972
229973
229974
229988
229995
229996
229997
229999
230001
230005
230010
230012
230014
230017
230024
230025
230033
230037
230039
230041
230043
230051
230052
230063
230064
230065
230076
230084
230094
230107
230108
230117
230119
230126
230130
230131
230132
230136
230142
230144
230145
230147
230148
230153
230156
230158
230159
230162
230170
230177
230180
230184
230196
230198
230199
230215
230221
230226
230231
230232
230233
230240
230253
230257
230259
230260
230273
230274
230279
230292
230297
230304
230307
230312
230315
230320
230330
230332
230335
230344
230346
230353
230356
230364
230373
230376
230383
230384
230386
230389
230392
230394
230397
230401
230404
230408
230409
230410
230414
230416
230423
230426
230427
230428
230434
230437
230439
230444
230448
230452
230455
230462
230464
230468
230472
230473
230477
230478
230480
230488
230495
230496
230502
230504
230505
230512
230518
230522
230532
230547
230555
230561
230564
230565
230570
230579
230583
230595
230597
230600
230610
230618
230620
230633
230637
230650
230651
230655
230657
230658
230671
230673
230679
230685
230686
230694
230702
230705
230712
230713
230715
230717
230719
230723
230730
230733
230735
230738
230749
230752
230755
230759
230761
230767
230769
230777
230780
230786
230787
230789
230790
230794
230795
230805
230812
230826
230830
230834
230835
230848
230856
230864
230871
230877
230882
230884
230886
230894
230895
230900
230905
230908
230909
230911
230912
230914
230917
230919
230920
230921
230931
230935
230937
230938
230947
230954
230955
230957
230962
230965
230968
230977
230982
230983
230987
230994
230997
231000
231012
231029
231035
231037
231044
231055
231059
231062
231066
231068
231074
231087
231088
231093
231109
231115
231119
231129
231133
231135
231138
231141
231143
231145
231148
231153
231154
231162
231164
231167
231170
231175
231176
231177
231179
231180
231182
231184
231187
231189
231191
231204
231214
231216
231226
231229
231234
231237
231238
231239
231249
231252
231257
231265
231268
231270
231274
231275
231277
231279
231283
231287
231292
231294
231298
231305
231307
231309
231312
231313
231314
231317
231320
231327
231330
231345
231350
231351
231352
231354
231355
231359
231360
231363
231384
231387
231388
231404
231406
231415
231419
231427
231430
231437
231438
231439
231441
231447
231459
231460
231464
231467
231471
231473
231474
231475
231480
231490
231491
231493
231498
231504
231505
231512
231513
231524
231529
231533
231534
231538
231542
231543
231544
231550
231551
231554
231555
231562
231566
231572
231576
231580
231581
231590
231591
231593
231603
231607
231609
231611
231612
231615
231620
231622
231629
231631
231636
231643
231645
231650
231655
231659
231660
231662
231664
231671
231672
231687
231690
231718
231720
231723
231734
231741
231745
231747
231749
231760
231768
231778
231779
231784
231787
231796
231797
231799
231801
231818
231820
231825
231841
231849
231859
231862
231864
231865
231868
231871
231873
231877
231880
231883
231884
231885
231888
231896
231901
231903
231909
231922
231923
231924
231934
231948
231955
231958
231959
231966
231968
231970
231971
231980
231981
231983
231991
231992
231994
231996
231997
231998
231999
232001
232002
232003
232008
232012
232021
232022
232027
232030
232034
232040
232041
232042
232047
232051
232058
232062
232082
232086
232094
232098
232100
232101
232106
232110
232112
232113
232124
232129
232130
232133
232146
232147
232150
232151
232153
232164
232170
232173
232177
232181
232185
232189
232190
232192
232196
232200
232202
232207
232208
232211
232216
232217
232222
232235
232242
232245
232247
232251
232259
232266
232267
232273
232275
232281
232283
232290
232292
232302
232306
232309
232317
232326
232335
232337
232341
232343
232348
232350
232352
232363
232367
232368
232369
232372
232375
232383
232385
232387
232394
232400
232411
232414
232426
232427
232428
232429
232431
232437
232438
232439
232442
232445
232448
232453
232456
232469
232470
232474
232475
232478
232484
232491
232492
232495
232496
232500
232507
232508
232509
232512
232515
232516
232519
232520
232522
232524
232527
232531
232534
232541
232542
232544
232550
232553
232562
232567
232570
232571
232575
232583
232584
232586
232589
232595
232600
232613
232622
232639
232650
232652
232656
232657
232663
232664
232666
232667
232678
232680
232684
232702
232704
232708
232717
232720
232734
232735
232737
232740
232744
232749
232755
232764
232773
232775
232780
232781
232782
232784
232786
232787
232790
232792
232799
232803
232804
232815
232837
232842
232844
232848
232855
232870
232873
232876
232887
232888
232889
232896
232897
232899
232900
232903
232905
232915
232916
232920
232923
232926
232929
232932
232933
232934
232939
232943
232945
232946
232951
232960
232962
232963
232965
232966
232969
232980
232988
232991
232992
232998
233002
233006
233010
233018
233021
233023
233029
233032
233034
233056
233059
233067
233069
233075
233078
233079
233083
233085
233095
233101
233103
233104
233105
233110
233111
233116
233119
233123
233128
233135
233140
233145
233146
233166
233171
233174
233184
233185
233191
233196
233197
233198
233204
233206
233207
233208
233209
233210
233213
233227
233236
233237
233247
233251
233257
233260
233266
233272
233276
233278
233282
233283
233285
233288
233290
233293
233296
233299
233305
233307
233318
233319
233323
233327
233338
233340
233345
233349
233353
233361
233362
233365
233367
233372
233373
233374
233375
233395
233397
233400
233411
233414
233417
233420
233422
233432
233433
233435
233436
233450
233455
233460
233468
233469
233470
233505
233516
233518
233522
233536
233538
233544
233547
233555
233561
233568
233570
233582
233593
233596
233598
233610
233623
233628
233632
233633
233639
233640
233644
233668
233674
233676
233677
233683
233686
233689
233691
233698
233712
233713
233715
233716
233718
233726
233729
233734
233743
233747
233749
233753
233769
233772
233778
233782
233786
233792
233803
233806
233811
233815
233817
233826
233827
233832
233835
233851
233853
233854
233857
233860
233864
233866
233873
233881
233887
233889
233891
233893
233895
233901
233907
233916
233935
233942
233944
233949
233953
233955
233959
233961
233963
233964
233966
233967
233987
233988
233994
233998
234004
234007
234013
234018
234022
234029
234036
234041
234045
234049
234052
234058
234060
234064
234068
234078
234086
234099
234101
234103
234107
234119
234128
234137
234141
234149
234151
234152
234158
234163
234164
234167
234168
234177
234180
234181
234184
234187
234189
234196
234200
234201
234202
234204
234207
234211
234229
234231
234239
234241
234246
234247
234251
234256
234258
234261
234268
234273
234274
234277
234297
234301
234303
234305
234308
234317
234318
234327
234330
234335
234343
234344
234346
234356
234360
234362
234367
234368
234373
234376
234377
234380
234388
234389
234391
234396
234401
234404
234407
234408
234415
234425
234429
234430
234432
234434
234435
234443
234444
234445
234447
234448
234450
234462
234466
234470
234483
234486
234489
234493
234495
234500
234505
234506
234518
234519
234522
234532
234533
234542
234556
234557
234566
234567
234569
234580
234584
234587
234589
234593
234596
234597
234598
234600
234603
234608
234613
234623
234624
234631
234634
234642
234645
234647
234648
234650
234652
234658
234659
234663
234665
234669
234670
234678
234688
234689
234694
234698
234699
234705
234708
234710
234714
234715
234722
234725
234732
234734
234739
234741
234753
234763
234765
234766
234772
234777
234784
234795
234796
234802
234804
234805
234811
234817
234834
234841
234849
234852
234854
234857
234858
234865
234866
234867
234871
234875
234880
234881
234886
234890
234892
234894
234895
234910
234912
234921
234922
234925
234927
234942
234945
234947
234958
234960
234970
234972
234979
234980
234981
234982
234990
234992
234993
235007
235013
235016
235023
235024
235029
235038
235044
235045
235050
235057
235059
235063
235068
235071
235076
235078
235082
235091
235092
235097
235102
235105
235108
235114
235116
235119
235130
235131
235133
235139
235142
235143
235147
235150
235155
235158
235159
235160
235164
235170
235180
235181
235185
235191
235193
235195
235201
235207
235218
235219
235221
235223
235228
235232
235242
235243
235253
235278
235281
235287
235288
235290
235306
235314
235317
235320
235322
235328
235339
235342
235347
235352
235354
235357
235379
235380
235384
235397
235406
235414
235420
235422
235426
235427
235430
235432
235433
235437
235445
235446
235447
235452
235469
235473
235480
235490
235492
235493
235496
235500
235503
235506
235510
235513
235515
235518
235522
235526
235529
235533
235541
235544
235547
235560
235561
235562
235572
235576
235577
235584
235585
235590
235592
235593
235601
235603
235607
235616
235618
235621
235623
235633
235635
235636
235652
235658
235659
235664
235683
235693
235706
235708
235709
235710
235712
235717
235720
235725
235728
235730
235734
235738
235740
235770
235773
235775
235778
235780
235781
235786
235787
235799
235803
235807
235808
235812
235813
235823
235825
235828
235831
235834
235839
235840
235845
235853
235855
235859
235861
235865
235872
235887
235891
235895
235897
235898
235901
235902
235903
235910
235917
235920
235924
235926
235934
235935
235940
235942
235943
235945
235953
235964
235966
235976
235977
235985
235989
235990
235993
235994
235996
235999
236000
236003
236006
236013
236016
236019
236024
236034
236039
236040
236042
236045
236047
236055
236062
236063
236064
236068
236070
236071
236081
236082
236092
236093
236094
236096
236099
236101
236102
236105
236109
236110
236115
236117
236123
236127
236133
236139
236140
236141
236149
236153
236156
236157
236162
236170
236174
236176
236182
236185
236198
236210
236211
236214
236220
236221
236226
236229
236231
236233
236249
236259
236266
236267
236272
236274
236293
236305
236309
236313
236315
236316
236323
236324
236325
236327
236329
236345
236347
236360
236363
236366
236375
236378
236381
236386
236387
236390
236391
236396
236398
236400
236404
236407
236411
236413
236416
236417
236427
236431
236439
236443
236445
236452
236453
236457
236466
236467
236468
236475
236489
236491
236494
236496
236501
236502
236504
236506
236511
236522
236543
236544
236547
236549
236554
236558
236564
236575
236576
236577
236583
236585
236586
236590
236593
236595
236597
236598
236600
236602
236603
236604
236611
236612
236613
236614
236616
236625
236627
236628
236630
236634
236646
236659
236665
236667
236672
236682
236684
236687
236695
236705
236713
236718
236719
236722
236724
236728
236735
236737
236741
236744
236748
236752
236757
236759
236760
236770
236780
236781
236785
236786
236797
236818
236823
236827
236829
236841
236843
236848
236849
236851
236856
236858
236860
236866
236880
236885
236886
236890
236891
236898
236899
236914
236922
236928
236933
236951
236954
236961
236965
236969
236971
236976
236979
236981
236997
237001
237011
237028
237039
237051
237053
237056
237059
237064
237068
237072
237073
237085
237090
237091
237097
237098
237106
237113
237114
237124
237136
237138
237139
237143
237152
237154
237161
237162
237163
237169
237170
237172
237173
237174
237176
237177
237178
237194
237196
237198
237200
237205
237217
237222
237224
237229
237231
237233
237234
237237
237243
237245
237259
237270
237276
237278
237293
237294
237298
237307
237309
237312
237323
237325
237326
237331
237333
237336
237337
237340
237342
237343
237344
237348
237352
237353
237356
237360
237364
237369
237381
237392
237396
237397
237406
237416
237427
237430
237431
237434
237442
237448
237452
237456
237457
237463
237464
237472
237473
237488
237490
237491
237492
237494
237496
237497
237501
237504
237508
237510
237522
237524
237529
237536
237538
237540
237545
237549
237550
237552
237558
237561
237570
237572
237576
237579
237580
237582
237585
237586
237589
237595
237600
237601
237608
237610
237613
237617
237625
237627
237643
237645
237646
237652
237656
237659
237668
237672
237675
237683
237687
237690
237691
237692
237696
237697
237702
237705
237708
237716
237720
237723
237730
237735
237738
237740
237741
237742
237744
237754
237756
237761
237770
237774
237785
237790
237791
237792
237796
237804
237806
237809
237810
237818
237819
237826
237830
237836
237837
237842
237844
237848
237849
237851
237855
237859
237864
237871
237872
237875
237891
237897
237898
237905
237907
237913
237918
237924
237928
237929
237932
237936
237939
237941
237942
237946
237949
237954
237958
237959
237963
237965
237967
237970
237972
237976
237978
237991
237992
237993
237997
237998
238007
238012
238019
238020
238029
238031
238032
238043
238044
238051
238055
238056
238058
238062
238078
238081
238085
238091
238098
238103
238105
238107
238127
238134
238139
238143
238145
238146
238149
238151
238162
238167
238172
238179
238186
238188
238195
238199
238204
238216
238220
238222
238223
238229
238231
238234
238238
238239
238244
238245
238246
238253
238261
238262
238264
238267
238269
238272
238284
238289
238296
238303
238304
238310
238317
238322
238327
238335
238336
238338
238339
238353
238361
238362
238365
238369
238376
238383
238388
238389
238397
238400
238402
238412
238419
238431
238435
238441
238445
238450
238453
238454
238469
238474
238476
238479
238485
238487
238489
238497
238500
238508
238510
238512
238518
238528
238529
238530
238531
238553
238563
238564
238568
238572
238581
238587
238595
238599
238601
238611
238613
238620
238622
238629
238631
238634
238637
238640
238642
238643
238649
238653
238662
238667
238681
238685
238696
238701
238702
238708
238710
238711
238714
238718
238720
238724
238727
238728
238729
238731
238733
238738
238743
238744
238745
238747
238751
238752
238753
238758
238763
238767
238768
238770
238780
238787
238793
238795
238798
238800
238810
238811
238812
238813
238816
238822
238824
238829
238838
238854
238855
238865
238866
238869
238878
238881
238887
238900
238908
238910
238914
238915
238917
238923
238930
238941
238943
238946
238950
238956
238960
238969
238973
238985
238991
238994
238995
238998
239006
239008
239017
239019
239021
239025
239031
239038
239039
239044
239046
239047
239053
239061
239063
239071
239077
239081
239082
239083
239087
239088
239093
239122
239124
239128
239129
239135
239137
239145
239147
239148
239152
239153
239157
239160
239173
239181
239182
239185
239197
239199
239201
239205
239213
239215
239220
239221
239222
239224
239245
239248
239250
239255
239261
239284
239298
239307
239309
239314
239325
239328
239336
239342
239344
239347
239349
239351
239353
239354
239357
239358
239361
239365
239386
239396
239409
239412
239417
239418
239422
239426
239427
239430
239431
239434
239435
239438
239441
239444
239448
239453
239463
239467
239468
239472
239478
239480
239483
239484
239488
239489
239491
239492
239493
239506
239509
239511
239513
239516
239519
239523
239529
239530
239531
239534
239539
239546
239549
239552
239553
239555
239560
239564
239566
239568
239569
239574
239580
239585
239589
239592
239593
239594
239595
239601
239603
239609
239617
239627
239633
239638
239643
239644
239651
239653
239657
239661
239670
239675
239676
239677
239681
239682
239683
239691
239703
239704
239709
239719
239728
239730
239743
239746
239762
239764
239767
239768
239773
239778
239783
239785
239786
239789
239800
239808
239814
239816
239819
239826
239831
239840
239841
239842
239843
239849
239851
239856
239864
239869
239874
239885
239889
239895
239899
239917
239923
239928
239930
239931
239933
239936
239939
239940
239944
239945
239949
239952
239960
239973
239978
239979
239981
239984
239988
239992
239994
239996
239998
240004
240006
240009
240013
240016
240023
240025
240027
240028
240035
240039
240046
240048
240057
240063
240064
240066
240070
240071
240076
240093
240094
240111
240113
240114
240125
240126
240127
240130
240132
240143
240162
240165
240174
240178
240197
240211
240213
240218
240225
240231
240235
240236
240237
240243
240247
240252
240258
240263
240265
240267
240273
240278
240286
240287
240288
240290
240307
240308
240317
240330
240334
240337
240338
240342
240350
240355
240361
240362
240366
240371
240377
240382
240396
240399
240400
240404
240408
240411
240412
240417
240420
240422
240427
240434
240435
240439
240445
240452
240457
240462
240468
240481
240482
240486
240496
240502
240508
240512
240518
240519
240525
240532
240533
240534
240536
240540
240554
240559
240565
240566
240573
240575
240582
240584
240585
240588
240590
240597
240600
240605
240608
240610
240611
240615
240616
240620
240621
240626
240633
240638
240639
240641
240654
240661
240667
240668
240677
240686
240687
240690
240693
240697
240710
240711
240714
240717
240718
240719
240723
240726
240734
240739
240743
240752
240756
240766
240774
240778
240782
240786
240791
240796
240803
240807
240808
240818
240824
240826
240827
240828
240829
240840
240844
240856
240863
240864
240868
240891
240898
240904
240905
240908
240917
240919
240924
240934
240941
240946
240947
240948
240954
240961
240965
240967
240981
240983
240986
240988
240992
240999
241011
241014
241015
241017
241023
241024
241028
241037
241039
241041
241043
241050
241056
241057
241058
241061
241076
241078
241081
241086
241095
241096
241106
241114
241121
241125
241131
241133
241141
241142
241143
241150
241159
241172
241177
241199
241202
241206
241219
241223
241228
241232
241233
241238
241240
241257
241258
241259
241267
241272
241273
241279
241281
241291
241293
241297
241304
241305
241309
241325
241326
241328
241330
241336
241341
241345
241354
241356
241361
241362
241369
241373
241375
241394
241396
241411
241422
241431
241434
241437
241442
241446
241449
241454
241457
241458
241462
241463
241483
241488
241518
241526
241527
241530
241535
241543
241544
241546
241550
241553
241554
241556
241566
241571
241575
241580
241583
241584
241585
241586
241587
241591
241592
241600
241602
241606
241611
241615
241616
241621
241624
241627
241628
241629
241635
241639
241647
241654
241659
241660
241661
241662
241663
241664
241666
241671
241674
241675
241688
241690
241692
241695
241697
241700
241701
241710
241711
241721
241725
241733
241734
241736
241738
241742
241747
241752
241771
241778
241781
241788
241790
241791
241799
241800
241803
241809
241810
241811
241812
241817
241825
241827
241831
241837
241839
241842
241843
241844
241848
241853
241854
241857
241858
241859
241863
241868
241870
241871
241878
241880
241882
241886
241897
241901
241903
241905
241906
241910
241911
241924
241926
241928
241935
241943
241944
241949
241950
241951
241952
241956
241963
241964
241976
241980
241994
242000
242004
242007
242008
242009
242010
242014
242019
242038
242039
242066
242070
242071
242080
242082
242083
242094
242095
242110
242114
242115
242118
242131
242146
242153
242154
242156
242158
242159
242162
242164
242165
242168
242174
242176
242181
242188
242192
242194
242207
242210
242212
242217
242220
242221
242232
242233
242238
242241
242256
242265
242267
242273
242274
242275
242282
242283
242284
242289
242295
242307
242315
242317
242320
242321
242322
242325
242326
242329
242332
242345
242349
242354
242355
242362
242365
242366
242367
242381
242383
242394
242396
242402
242404
242408
242409
242413
242417
242421
242427
242429
242430
242434
242445
242457
242464
242467
242469
242470
242472
242474
242478
242481
242484
242487
242493
242495
242503
242504
242508
242512
242515
242519
242520
242530
242533
242537
242545
242548
242556
242561
242564
242565
242566
242568
242570
242581
242584
242586
242590
242593
242596
242600
242608
242610
242625
242629
242630
242632
242637
242640
242644
242649
242651
242654
242655
242666
242667
242673
242674
242676
242680
242682
242686
242688
242712
242713
242714
242717
242718
242721
242724
242739
242740
242741
242748
242752
242768
242771
242775
242776
242777
242778
242784
242787
242788
242794
242797
242803
242805
242807
242814
242819
242821
242831
242834
242840
242845
242847
242852
242854
242855
242867
242875
242883
242885
242896
242898
242901
242902
242908
242914
242915
242922
242925
242926
242940
242941
242942
242946
242958
242965
242967
242968
242972
242984
242986
242989
242992
242997
242998
243003
243005
243006
243017
243018
243022
243025
243026
243027
243034
243051
243059
243060
243067
243069
243076
243077
243078
243080
243088
243089
243093
243094
243099
243103
243108
243109
243113
243116
243118
243120
243121
243122
243126
243130
243134
243135
243136
243139
243141
243145
243149
243156
243163
243167
243170
243171
243181
243188
243190
243194
243199
243200
243203
243208
243213
243220
243228
243229
243235
243238
243241
243247
243253
243259
243261
243268
243273
243291
243298
243299
243305
243314
243318
243320
243321
243329
243336
243343
243347
243349
243350
243352
243353
243356
243358
243363
243365
243367
243375
243381
243398
243408
243409
243410
243414
243419
243420
243421
243431
243437
243438
243443
243444
243448
243454
243456
243462
243471
243475
243480
243484
243493
243496
243501
243508
243510
243514
243523
243524
243525
243531
243532
243543
243552
243553
243556
243559
243563
243568
243575
243578
243583
243591
243593
243594
243604
243614
243615
243618
243634
243636
243638
243640
243641
243643
243646
243647
243651
243652
243654
243655
243656
243662
243670
243671
243672
243673
243676
243678
243680
243686
243690
243696
243697
243703
243707
243710
243720
243722
243725
243733
243736
243739
243741
243749
243750
243751
243756
243762
243770
243771
243779
243789
243791
243801
243802
243804
243807
243820
243824
243834
243839
243846
243849
243850
243855
243857
243865
243866
243868
243872
243880
243884
243891
243893
243896
243902
243907
243908
243911
243915
243919
243924
243926
243928
243934
243938
243951
243955
243963
243967
243971
243977
243992
244005
244007
244016
244018
244030
244033
244037
244044
244045
244053
244056
244058
244063
244064
244080
244081
244085
244088
244094
244096
244101
244102
244110
244113
244114
244120
244121
244122
244123
244150
244154
244158
244159
244167
244169
244172
244173
244175
244177
244182
244184
244189
244192
244195
244203
244216
244217
244230
244245
244249
244250
244251
244258
244267
244269
244270
244275
244281
244289
244291
244292
244295
244300
244301
244303
244313
244316
244317
244318
244319
244329
244350
244352
244363
244364
244368
244371
244372
244390
244396
244400
244410
244415
244421
244422
244425
244428
244429
244432
244437
244438
244446
244448
244449
244452
244453
244456
244463
244466
244472
244482
244483
244498
244499
244506
244510
244514
244516
244519
244533
244537
244538
244544
244546
244560
244565
244574
244575
244579
244581
244586
244589
244592
244593
244599
244612
244616
244619
244626
244630
244635
244637
244639
244645
244647
244650
244656
244681
244683
244688
244689
244699
244700
244704
244706
244710
244712
244714
244718
244719
244723
244724
244729
244731
244735
244736
244747
244762
244768
244769
244771
244776
244777
244780
244783
244786
244787
244791
244797
244802
244809
244819
244822
244824
244827
244832
244836
244842
244845
244846
244850
244863
244864
244866
244868
244869
244873
244875
244880
244897
244909
244921
244930
244938
244946
244948
244950
244951
244962
244968
244983
244984
244985
244988
244996
245003
245004
245011
245012
245015
245024
245043
245044
245049
245051
245052
245056
245057
245066
245067
245069
245078
245080
245081
245086
245087
245088
245090
245092
245102
245105
245109
245110
245114
245122
245127
245128
245129
245131
245137
245139
245140
245141
245147
245149
245152
245157
245158
245160
245162
245164
245165
245167
245169
245170
245172
245174
245176
245182
245191
245196
245198
245200
245201
245207
245209
245212
245224
245225
245228
245233
245241
245246
245250
245259
245265
245268
245274
245275
245276
245277
245279
245281
245282
245301
245313
245316
245317
245327
245331
245335
245336
245341
245344
245346
245349
245355
245359
245360
245363
245369
245374
245376
245379
245381
245386
245408
245410
245413
245419
245438
245440
245451
245455
245456
245459
245463
245464
245467
245468
245472
245485
245486
245494
245503
245507
245510
245513
245518
245521
245523
245526
245529
245535
245540
245543
245546
245558
245560
245566
245570
245575
245576
245585
245590
245592
245595
245596
245598
245620
245621
245624
245626
245636
245639
245642
245646
245648
245649
245651
245652
245660
245669
245672
245673
245677
245680
245683
245688
245691
245698
245699
245722
245723
245725
245732
245736
245737
245739
245742
245743
245744
245746
245752
245761
245762
245763
245768
245775
245782
245783
245790
245798
245807
245809
245812
245813
245815
245816
245820
245823
245827
245835
245837
245841
245843
245852
245861
245862
245863
245865
245867
245869
245872
245874
245879
245894
245896
245897
245906
245908
245911
245914
245916
245922
245924
245927
245941
245951
245952
245953
245962
245969
245974
245988
245992
245996
246002
246010
246014
246018
246021
246022
246026
246032
246036
246038
246044
246046
246054
246069
246080
246094
246097
246098
246099
246105
246123
246126
246130
246131
246138
246145
246147
246153
246158
246159
246168
246171
246178
246186
246187
246191
246196
246205
246207
246214
246217
246219
246228
246233
246237
246241
246251
246256
246266
246269
246275
246277
246283
246286
246299
246302
246305
246311
246321
246322
246324
246325
246329
246336
246340
246343
246347
246349
246350
246352
246355
246364
246365
246371
246376
246380
246383
246393
246394
246395
246401
246404
246414
246428
246435
246440
246442
246447
246449
246455
246456
246457
246461
246463
246464
246467
246470
246472
246483
246490
246491
246493
246494
246495
246496
246501
246518
246529
246530
246531
246532
246538
246542
246555
246557
246562
246570
246586
246589
246597
246600
246605
246610
246614
246622
246630
246633
246634
246637
246649
246650
246659
246662
246665
246667
246671
246673
246693
246695
246696
246699
246700
246702
246712
246715
246716
246717
246731
246739
246741
246742
246756
246758
246760
246766
246777
246779
246787
246796
246803
246805
246809
246812
246816
246831
246832
246840
246843
246845
246846
246847
246851
246853
246856
246858
246861
246863
246864
246865
246868
246874
246881
246887
246890
246891
246893
246902
246910
246931
246935
246936
246937
246938
246941
246944
246945
246946
246947
246949
246961
246965
246971
246982
246983
246993
246996
246998
247009
247017
247018
247021
247022
247024
247033
247034
247035
247039
247048
247055
247065
247075
247083
247088
247091
247093
247097
247099
247100
247101
247104
247106
247107
247110
247111
247126
247129
247135
247142
247145
247151
247155
247163
247165
247167
247171
247172
247175
247177
247178
247180
247183
247188
247196
247199
247200
247201
247204
247211
247212
247213
247232
247236
247237
247238
247242
247246
247263
247264
247266
247267
247272
247276
247277
247280
247294
247295
247300
247305
247309
247313
247317
247319
247322
247327
247328
247333
247346
247353
247354
247355
247357
247358
247367
247376
247389
247390
247397
247399
247401
247413
247417
247428
247439
247443
247448
247449
247450
247456
247457
247458
247472
247473
247474
247475
247481
247486
247487
247488
247489
247491
247492
247493
247502
247509
247513
247526
247527
247535
247537
247538
247546
247547
247557
247569
247575
247584
247585
247592
247598
247599
247606
247607
247611
247613
247616
247617
247619
247632
247633
247634
247639
247640
247642
247643
247644
247652
247657
247664
247673
247678
247680
247683
247689
247692
247693
247695
247697
247701
247703
247704
247705
247709
247713
247717
247719
247723
247729
247731
247734
247736
247746
247752
247753
247759
247771
247774
247778
247783
247785
247795
247799
247802
247808
247809
247812
247813
247826
247827
247828
247836
247843
247850
247851
247854
247856
247858
247862
247865
247866
247868
247869
247870
247871
247872
247876
247888
247891
247892
247893
247894
247897
247899
247905
247906
247925
247927
247935
247953
247957
247960
247967
247968
247976
247981
247982
247987
247990
248004
248014
248022
248029
248034
248042
248047
248049
248053
248055
248060
248069
248070
248077
248079
248095
248110
248114
248122
248130
248131
248136
248145
248146
248147
248152
248168
248172
248173
248175
248178
248180
248183
248185
248191
248192
248195
248198
248234
248236
248240
248243
248249
248256
248262
248263
248264
248269
248272
248275
248282
248284
248290
248291
248292
248302
248305
248308
248320
248322
248327
248333
248335
248342
248348
248349
248355
248358
248368
248369
248372
248374
248376
248377
248380
248384
248385
248388
248391
248401
248405
248410
248412
248414
248425
248427
248428
248433
248434
248436
248441
248448
248449
248453
248455
248456
248473
248476
248488
248489
248497
248500
248506
248512
248514
248515
248517
248520
248535
248537
248538
248541
248544
248546
248555
248561
248568
248571
248576
248580
248592
248597
248606
248608
248615
248620
248625
248631
248639
248642
248646
248648
248654
248660
248661
248663
248666
248668
248669
248672
248679
248680
248681
248684
248687
248692
248697
248698
248701
248709
248714
248716
248719
248720
248737
248745
248754
248759
248760
248763
248765
248768
248780
248791
248796
248799
248805
248806
248809
248812
248816
248824
248829
248843
248852
248853
248860
248862
248865
248873
248874
248879
248886
248890
248895
248896
248901
248911
248913
248920
248921
248922
248924
248925
248927
248930
248931
248933
248938
248943
248947
248954
248956
248968
248971
248981
248991
248995
249000
249007
249010
249015
249016
249021
249025
249036
249038
249043
249046
249047
249048
249055
249062
249063
249064
249069
249070
249080
249092
249103
249104
249107
249112
249113
249115
249129
249131
249133
249140
249143
249151
249169
249173
249176
249179
249188
249190
249193
249195
249201
249202
249205
249210
249212
249216
249219
249233
249249
249260
249265
249272
249274
249275
249281
249287
249291
249294
249295
249297
249298
249299
249301
249305
249307
249310
249322
249329
249335
249338
249343
249348
249354
249356
249357
249363
249365
249368
249370
249372
249374
249378
249379
249383
249384
249385
249389
249392
249400
249402
249406
249411
249417
249422
249423
249431
249439
249440
249446
249454
249456
249458
249460
249469
249471
249485
249488
249490
249491
249496
249499
249500
249502
249506
249508
249512
249519
249526
249528
249536
249538
249542
249549
249551
249559
249561
249563
249564
249567
249568
249569
249577
249581
249583
249590
249593
249596
249597
249602
249603
249609
249614
249615
249623
249625
249632
249638
249640
249651
249663
249664
249668
249673
249676
249686
249699
249719
249724
249728
249730
249738
249744
249747
249749
249751
249754
249758
249759
249763
249767
249773
249775
249780
249794
249795
249801
249803
249832
249837
249838
249844
249851
249853
249856
249866
249870
249875
249876
249888
249892
249893
249894
249899
249904
249905
249906
249937
249938
249943
249951
249954
249955
249957
249959
249964
249965
249967
249968
249975
249983
249987
249990
249995
249996
249997
249999
250007
250009
250017
250023
250024
250029
250031
250035
250037
250039
250048
250049
250053
250054
250061
250064
250067
250070
250074
250078
250079
250081
250089
250096
250097
250101
250109
250110
250126
250134
250142
250145
250146
250147
250153
250159
250171
250172
250174
250185
250208
250211
250216
250217
250218
250233
250237
250238
250244
250252
250254
250255
250258
250259
250264
250274
250278
250279
250284
250288
250292
250299
250301
250307
250310
250319
250321
250322
250326
250328
250332
250334
250336
250348
250350
250351
250353
250369
250393
250397
250399
250402
250403
250405
250408
250427
250429
250430
250431
250432
250433
250439
250442
250445
250454
250455
250462
250463
250467
250482
250488
250494
250498
250499
250500
250513
250516
250523
250535
250538
250541
250542
250544
250545
250548
250549
250552
250553
250558
250569
250578
250584
250585
250587
250594
250601
250603
250607
250610
250616
250618
250623
250624
250627
250630
250631
250641
250647
250653
250659
250670
250672
250673
250680
250682
250685
250688
250689
250695
250696
250698
250708
250709
250712
250716
250737
250743
250754
250760
250762
250764
250769
250771
250777
250781
250785
250787
250788
250791
250798
250802
250813
250816
250819
250821
250828
250835
250836
250841
250844
250845
250847
250851
250854
250880
250887
250888
250890
250893
250896
250903
250911
250916
250924
250927
250931
250935
250940
250946
250948
250951
250953
250958
250964
250968
250970
250974
250979
250991
251000
251001
251010
251011
251015
251017
251021
251022
251023
251025
251027
251029
251034
251036
251038
251044
251048
251056
251057
251059
251062
251063
251065
251071
251073
251074
251076
251085
251089
251090
251094
251096
251098
251115
251118
251123
251128
251132
251133
251137
251144
251147
251149
251150
251158
251160
251164
251166
251173
251175
251179
251186
251188
251192
251193
251194
251195
251209
251210
251212
251213
251215
251221
251225
251226
251230
251231
251242
251244
251245
251248
251251
251259
251266
251273
251274
251278
251279
251280
251287
251288
251300
251301
251307
251314
251318
251326
251327
251333
251339
251343
251345
251365
251366
251367
251368
251389
251390
251392
251397
251404
251416
251424
251426
251429
251435
251438
251445
251458
251466
251475
251481
251482
251485
251489
251500
251503
251504
251510
251515
251523
251527
251528
251536
251538
251539
251541
251553
251555
251562
251563
251567
251577
251578
251579
251591
251592
251596
251597
251601
251602
251604
251612
251614
251620
251624
251627
251633
251635
251639
251642
251651
251662
251663
251680
251681
251685
251687
251693
251706
251710
251718
251726
251729
251745
251752
251756
251757
251766
251769
251772
251774
251800
251806
251807
251808
251819
251823
251825
251831
251835
251837
251841
251843
251845
251850
251853
251862
251866
251867
251879
251883
251886
251887
251893
251896
251902
251911
251921
251931
251937
251942
251945
251949
251951
251955
251958
251959
251961
251982
251983
251991
251998
252001
252006
252012
252013
252016
252021
252022
252028
252031
252034
252040
252045
252060
252061
252068
252074
252077
252082
252091
252095
252098
252105
252106
252111
252112
252117
252118
252122
252130
252137
252140
252143
252144
252152
252160
252165
252167
252173
252175
252177
252186
252188
252193
252194
252196
252198
252203
252205
252216
252219
252237
252239
252240
252242
252243
252246
252248
252249
252253
252257
252258
252259
252262
252270
252281
252282
252293
252298
252299
252307
252308
252309
252310
252313
252316
252319
252321
252322
252329
252330
252340
252342
252343
252344
252347
252348
252350
252355
252356
252362
252393
252395
252401
252402
252416
252419
252421
252424
252437
252438
252441
252447
252452
252456
252460
252463
252468
252470
252479
252481
252487
252493
252495
252498
252509
252529
252530
252537
252538
252541
252551
252562
252570
252572
252584
252594
252606
252607
252610
252611
252612
252621
252626
252629
252639
252649
252657
252661
252662
252677
252679
252680
252698
252701
252702
252704
252708
252713
252715
252718
252720
252730
252731
252732
252739
252740
252755
252762
252763
252766
252773
252778
252781
252782
252783
252784
252789
252794
252795
252798
252802
252803
252804
252807
252809
252817
252818
252819
252825
252832
252834
252835
252838
252839
252848
252851
252855
252858
252860
252869
252873
252874
252879
252880
252894
252896
252898
252899
252900
252909
252921
252935
252939
252945
252947
252950
252951
252955
252959
252961
252969
252977
252981
252993
252995
253003
253005
253008
253012
253014
253020
253026
253038
253040
253041
253043
253047
253050
253053
253055
253070
253071
253077
253079
253084
253085
253100
253106
253109
253114
253118
253122
253129
253134
253135
253137
253142
253145
253147
253148
253152
253153
253154
253155
253170
253179
253186
253200
253202
253203
253204
253213
253221
253225
253231
253232
253236
253239
253247
253253
253257
253259
253268
253270
253274
253277
253291
253293
253295
253296
253297
253299
253305
253308
253315
253319
253323
253332
253336
253346
253348
253355
253356
253359
253361
253367
253368
253373
253380
253383
253385
253387
253397
253401
253421
253423
253424
253428
253431
253439
253446
253466
253467
253468
253469
253475
253480
253493
253500
253505
253512
253518
253520
253521
253527
253533
253535
253536
253538
253545
253550
253554
253570
253571
253576
253578
253590
253591
253592
253597
253599
253602
253603
253614
253621
253625
253630
253633
253639
253641
253643
253644
253648
253655
253657
253658
253660
253669
253670
253674
253680
253682
253694
253697
253705
253710
253720
253724
253726
253734
253747
253752
253754
253761
253764
253766
253768
253782
253788
253790
253791
253793
253795
253803
253805
253809
253810
253813
253815
253823
253824
253826
253836
253837
253850
253852
253853
253854
253858
253861
253866
253869
253880
253881
253882
253886
253887
253892
253899
253900
253901
253911
253916
253919
253922
253930
253932
253939
253940
253941
253943
253944
253945
253952
253953
253968
253972
253974
253979
253981
253983
253984
253990
253997
254001
254005
254018
254023
254025
254032
254034
254039
254044
254049
254050
254051
254074
254075
254087
254089
254096
254099
254104
254105
254106
254107
254122
254123
254128
254133
254138
254143
254152
254153
254156
254159
254167
254168
254172
254183
254184
254189
254190
254200
254208
254220
254233
254235
254238
254249
254250
254252
254256
254258
254259
254274
254275
254276
254278
254291
254309
254315
254317
254319
254320
254324
254328
254333
254338
254343
254346
254354
254359
254361
254364
254368
254375
254376
254381
254393
254397
254398
254399
254401
254412
254422
254427
254429
254435
254436
254447
254449
254451
254452
254454
254465
254470
254471
254472
254476
254479
254481
254484
254487
254493
254495
254498
254504
254509
254514
254519
254522
254523
254524
254525
254527
254528
254530
254534
254540
254541
254552
254557
254558
254560
254571
254580
254594
254597
254598
254602
254606
254607
254610
254625
254629
254640
254647
254648
254653
254658
254673
254674
254675
254678
254684
254689
254691
254693
254698
254702
254703
254704
254711
254730
254732
254741
254746
254747
254753
254754
254760
254762
254764
254776
254777
254782
254784
254785
254786
254795
254798
254799
254804
254805
254836
254839
254845
254855
254867
254878
254881
254882
254883
254890
254908
254912
254915
254922
254925
254926
254930
254931
254934
254939
254952
254953
254955
254956
254958
254968
254969
254971
254972
254978
254988
254994
254998
255003
255005
255008
255014
255017
255022
255023
255026
255028
255043
255049
255052
255054
255061
255063
255072
255073
255075
255082
255093
255094
255097
255099
255103
255104
255110
255115
255116
255122
255128
255135
255137
255149
255150
255151
255159
255160
255167
255168
255169
255170
255171
255173
255174
255178
255188
255190
255192
255200
255203
255207
255212
255216
255226
255227
255228
255235
255238
255243
255246
255247
255248
255257
255268
255272
255277
255278
255282
255284
255285
255290
255291
255302
255305
255307
255320
255322
255328
255341
255343
255344
255346
255350
255360
255363
255381
255391
255397
255406
255411
255424
255430
255442
255452
255455
255459
255464
255466
255471
255476
255480
255486
255488
255495
255499
255505
255516
255518
255519
255521
255522
255524
255527
255532
255555
255572
255573
255583
255584
255585
255587
255590
255597
255599
255600
255602
255603
255605
255606
255607
255613
255622
255626
255633
255641
255642
255646
255648
255651
255661
255662
255666
255674
255676
255678
255683
255690
255699
255705
255709
255715
255717
255722
255724
255733
255736
255740
255742
255748
255752
255753
255754
255758
255760
255766
255767
255769
255773
255778
255779
255783
255787
255791
255801
255803
255806
255815
255820
255822
255825
255853
255855
255858
255860
255866
255868
255873
255888
255893
255900
255903
255906
255911
255913
255916
255917
255919
255920
255921
255926
255931
255936
255938
255966
255969
255971
255972
255974
255982
255983
255991
256001
256003
256007
256008
256010
256015
256017
256018
256022
256031
256032
256040
256055
256061
256079
256080
256084
256092
256097
256101
256107
256108
256120
256124
256126
256135
256138
256141
256144
256149
256157
256161
256165
256166
256167
256168
256173
256176
256178
256194
256202
256211
256216
256221
256223
256226
256228
256232
256237
256251
256256
256259
256262
256263
256265
256269
256279
256283
256287
256288
256293
256298
256309
256310
256312
256317
256324
256328
256329
256336
256337
256343
256345
256360
256363
256369
256373
256376
256379
256381
256395
256406
256408
256411
256413
256421
256431
256437
256443
256446
256450
256458
256461
256470
256473
256480
256481
256484
256485
256486
256494
256505
256506
256508
256515
256517
256518
256522
256524
256531
256541
256554
256555
256560
256561
256562
256570
256588
256592
256601
256604
256607
256610
256617
256618
256620
256622
256625
256632
256636
256642
256644
256650
256652
256653
256655
256658
256670
256675
256681
256682
256688
256701
256707
256708
256713
256720
256722
256725
256727
256728
256735
256739
256740
256749
256753
256755
256758
256759
256763
256767
256771
256772
256775
256780
256783
256790
256797
256798
256800
256806
256807
256810
256816
256818
256819
256823
256826
256836
256838
256849
256852
256853
256855
256857
256860
256864
256867
256869
256872
256890
256902
256904
256911
256913
256915
256916
256923
256926
256927
256928
256932
256939
256949
256952
256955
256956
256959
256960
256962
256986
256995
256996
257003
257004
257012
257014
257018
257027
257045
257055
257057
257062
257066
257070
257072
257075
257084
257087
257088
257089
257090
257092
257098
257100
257101
257111
257115
257116
257123
257129
257131
257132
257134
257135
257137
257138
257155
257157
257164
257175
257188
257189
257191
257201
257209
257214
257215
257217
257226
257227
257232
257239
257244
257247
257254
257260
257263
257271
257272
257275
257279
257283
257284
257292
257293
257297
257301
257307
257311
257320
257323
257330
257331
257332
257335
257342
257347
257350
257355
257356
257358
257361
257365
257366
257368
257373
257374
257375
257381
257386
257391
257392
257395
257396
257401
257407
257412
257430
257434
257437
257439
257447
257452
257453
257454
257455
257456
257460
257475
257478
257483
257487
257500
257519
257535
257536
257544
257546
257564
257565
257567
257568
257575
257584
257593
257594
257597
257598
257600
257602
257618
257626
257641
257643
257651
257653
257656
257658
257664
257666
257667
257675
257676
257684
257687
257691
257693
257694
257696
257702
257708
257711
257716
257720
257729
257730
257731
257734
257741
257746
257749
257753
257756
257765
257769
257773
257774
257780
257789
257790
257792
257800
257802
257809
257812
257821
257822
257830
257833
257835
257837
257844
257846
257848
257852
257856
257857
257864
257866
257870
257871
257881
257882
257884
257885
257886
257888
257893
257903
257917
257919
257921
257922
257929
257930
257932
257938
257942
257951
257956
257957
257961
257964
257967
257972
257980
257986
257996
257999
258002
258003
258008
258013
258014
258018
258029
258030
258036
258049
258054
258055
258061
258063
258065
258079
258080
258082
258083
258084
258091
258094
258095
258101
258116
258118
258120
258123
258127
258128
258130
258134
258138
258139
258155
258157
258159
258169
258173
258174
258175
258179
258181
258191
258199
258208
258211
258224
258227
258228
258231
258232
258235
258241
258253
258261
258269
258271
258273
258280
258285
258286
258288
258293
258296
258300
258302
258304
258305
258313
258327
258332
258347
258368
258369
258370
258380
258383
258398
258401
258403
258404
258405
258407
258408
258410
258411
258412
258414
258419
258421
258424
258433
258438
258446
258447
258451
258457
258461
258463
258465
258468
258469
258471
258475
258480
258481
258482
258485
258486
258491
258492
258494
258498
258501
258507
258509
258510
258511
258512
258523
258524
258526
258527
258533
258537
258540
258542
258543
258544
258545
258547
258554
258563
258566
258568
258583
258587
258588
258593
258594
258613
258618
258624
258628
258629
258639
258640
258644
258648
258649
258650
258654
258659
258660
258665
258666
258668
258682
258692
258701
258703
258704
258715
258717
258718
258721
258731
258732
258740
258754
258770
258774
258777
258779
258783
258790
258791
258796
258805
258806
258814
258820
258827
258830
258833
258837
258841
258842
258850
258853
258859
258864
258874
258884
258888
258889
258894
258897
258900
258905
258907
258930
258939
258941
258947
258948
258953
258955
258956
258959
258960
258961
258967
258970
258972
258985
258988
258989
258998
259001
259003
259014
259015
259020
259021
259024
259032
259037
259044
259058
259068
259069
259071
259073
259099
259104
259107
259118
259120
259121
259125
259126
259127
259142
259147
259156
259165
259166
259170
259176
259180
259181
259185
259187
259189
259200
259201
259202
259210
259217
259226
259228
259230
259236
259241
259246
259247
259253
259256
259271
259275
259277
259280
259282
259286
259287
259302
259303
259307
259312
259315
259318
259319
259324
259327
259334
259338
259339
259343
259345
259352
259358
259366
259368
259369
259378
259383
259395
259396
259402
259405
259412
259419
259421
259422
259428
259438
259439
259445
259448
259450
259452
259462
259463
259464
259466
259467
259479
259480
259482
259500
259503
259510
259512
259514
259516
259518
259523
259529
259535
259537
259546
259549
259557
259558
259560
259562
259571
259581
259584
259588
259589
259590
259592
259594
259595
259598
259599
259602
259604
259616
259621
259624
259625
259626
259631
259644
259647
259654
259665
259674
259683
259685
259695
259699
259702
259711
259712
259717
259725
259729
259732
259737
259746
259751
259755
259761
259764
259766
259768
259777
259778
259780
259792
259800
259801
259803
259815
259820
259824
259825
259829
259841
259845
259846
259850
259852
259853
259865
259873
259877
259887
259892
259894
259896
259904
259909
259911
259937
259939
259940
259944
259947
259948
259949
259950
259953
259955
259956
259957
259958
259960
259962
259973
259977
259979
259983
259985
259989
259992
259999
260003
260008
260012
260015
260021
260031
260037
260038
260041
260043
260046
260058
260060
260068
260073
260078
260079
260095
260097
260099
260102
260115
260122
260123
260130
260132
260137
260140
260149
260155
260157
260165
260171
260172
260179
260188
260194
260197
260200
260202
260203
260206
260211
260217
260221
260225
260235
260249
260250
260262
260265
260266
260277
260278
260290
260294
260300
260302
260305
260307
260309
260313
260315
260318
260325
260335
260338
260344
260347
260349
260352
260359
260361
260363
260366
260370
260381
260392
260393
260396
260402
260412
260417
260418
260421
260422
260423
260429
260434
260437
260445
260446
260448
260454
260455
260471
260476
260479
260480
260482
260485
260492
260493
260498
260501
260506
260524
260528
260529
260530
260532
260533
260545
260556
260562
260572
260575
260580
260586
260587
260592
260607
260615
260616
260624
260628
260633
260636
260647
260651
260660
260664
260675
260677
260680
260682
260685
260701
260709
260712
260713
260717
260718
260721
260722
260725
260727
260728
260731
260741
260747
260750
260757
260758
260760
260761
260763
260764
260768
260782
260785
260801
260806
260812
260817
260819
260820
260828
260833
260835
260838
260844
260845
260850
260860
260861
260881
260882
260886
260887
260888
260889
260895
260905
260912
260913
260925
260933
260941
260942
260955
260965
260967
260972
260978
260996
261001
261003
261005
261007
261019
261020
261030
261033
261039
261043
261044
261052
261053
261056
261058
261060
261065
261066
261067
261068
261073
261078
261080
261084
261088
261091
261092
261096
261101
261102
261107
261108
261110
261111
261116
261120
261121
261125
261126
261127
261134
261151
261155
261166
261169
261177
261179
261180
261183
261186
261196
261199
261209
261217
261220
261221
261233
261245
261247
261248
261250
261251
261258
261263
261265
261266
261267
261275
261282
261284
261285
261295
261296
261301
261305
261306
261307
261313
261315
261317
261319
261324
261329
261340
261350
261352
261354
261357
261361
261366
261378
261379
261382
261392
261398
261402
261403
261408
261428
261429
261435
261438
261444
261448
261449
261459
261466
261468
261472
261478
261480
261497
261502
261505
261507
261508
261515
261517
261521
261523
261527
261534
261538
261542
261543
261549
261556
261557
261564
261565
261567
261569
261576
261577
261588
261589
261592
261594
261596
261597
261605
261607
261622
261625
261633
261647
261648
261655
261660
261664
261665
261672
261675
261682
261694
261696
261701
261709
261714
261717
261719
261727
261730
261735
261736
261747
261749
261753
261754
261755
261762
261763
261766
261768
261769
261770
261772
261774
261777
261783
261784
261787
261792
261793
261795
261797
261801
261803
261806
261807
261810
261816
261818
261825
261826
261829
261832
261834
261836
261846
261852
261861
261867
261871
261882
261883
261889
261890
261901
261909
261920
261925
261927
261929
261937
261944
261945
261955
261967
261968
261973
261974
261981
261983
261984
261989
261991
261994
262005
262008
262010
262011
262014
262020
262023
262024
262026
262029
262034
262037
262044
262045
262051
262053
262060
262067
262069
262075
262076
262077
262078
262080
262087
262090
262109
262111
262115
262117
262119
262133
262136
262154
262159
262160
262164
262167
262191
262196
262199
262201
262217
262218
262225
262226
262233
262234
262239
262244
262247
262255
262262
262264
262270
262275
262282
262295
262303
262304
262309
262312
262317
262318
262323
262330
262331
262332
262333
262336
262344
262345
262348
262363
262365
262368
262374
262380
262384
262386
262389
262395
262403
262414
262424
262429
262434
262436
262439
262440
262455
262456
262460
262461
262464
262470
262472
262473
262474
262476
262484
262491
262493
262494
262501
262505
262521
262530
262531
262537
262542
262543
262548
262550
262551
262553
262565
262571
262572
262577
262579
262583
262584
262593
262594
262603
262605
262617
262621
262623
262624
262642
262643
262644
262661
262668
262671
262674
262675
262680
262690
262698
262712
262718
262721
262731
262737
262739
262740
262743
262745
262756
262761
262764
262768
262773
262779
262783
262801
262805
262811
262812
262823
262824
262829
262837
262840
262844
262846
262849
262853
262856
262859
262863
262866
262878
262880
262887
262892
262897
262915
262922
262934
262937
262941
262950
262954
262963
262966
262977
262984
262989
262993
263001
263003
263007
263013
263014
263019
263020
263028
263036
263039
263045
263046
263050
263053
263054
263057
263059
263062
263065
263067
263071
263072
263076
263081
263090
263101
263103
263105
263106
263110
263122
263123
263125
263126
263129
263132
263153
263164
263178
263188
263201
263204
263211
263212
263215
263228
263239
263241
263243
263250
263252
263254
263256
263259
263262
263263
263265
263272
263275
263278
263280
263291
263292
263295
263296
263298
263299
263300
263306
263313
263315
263316
263330
263335
263336
263339
263341
263347
263351
263353
263357
263363
263371
263376
263380
263381
263398
263413
263414
263415
263426
263430
263439
263442
263443
263447
263451
263455
263460
263461
263465
263468
263480
263497
263515
263520
263524
263526
263530
263532
263534
263542
263548
263550
263557
263559
263569
263571
263588
263591
263593
263594
263595
263596
263597
263598
263604
263606
263607
263608
263610
263613
263618
263620
263634
263636
263639
263641
263646
263651
263655
263659
263661
263664
263667
263668
263669
263672
263680
263717
263722
263737
263739
263741
263746
263755
263764
263766
263769
263770
263771
263772
263778
263779
263784
263791
263794
263795
263799
263809
263815
263816
263817
263822
263825
263835
263843
263854
263855
263859
263863
263864
263868
263869
263872
263873
263877
263880
263881
263882
263884
263888
263900
263906
263911
263922
263927
263934
263937
263942
263944
263953
263954
263955
263959
263962
263971
263974
263975
263979
263987
263998
263999
264004
264007
264021
264028
264036
264040
264042
264054
264055
264056
264057
264066
264067
264068
264069
264074
264075
264087
264095
264097
264098
264110
264118
264119
264120
264124
264125
264126
264129
264130
264133
264143
264145
264151
264153
264166
264167
264172
264174
264189
264192
264198
264203
264212
264213
264218
264220
264224
264226
264229
264240
264241
264242
264247
264253
264259
264267
264271
264276
264279
264283
264285
264292
264310
264313
264315
264322
264326
264330
264336
264341
264344
264345
264347
264348
264351
264352
264353
264361
264363
264372
264376
264379
264381
264389
264393
264396
264401
264402
264408
264414
264419
264439
264443
264445
264450
264451
264452
264454
264467
264472
264474
264476
264478
264482
264484
264492
264493
264500
264510
264514
264515
264525
264531
264535
264539
264545
264547
264552
264558
264561
264562
264574
264581
264588
264590
264591
264597
264598
264602
264603
264608
264610
264611
264613
264629
264630
264632
264642
264667
264671
264674
264678
264681
264687
264689
264695
264700
264719
264720
264723
264728
264740
264750
264751
264753
264768
264771
264772
264775
264779
264786
264791
264797
264816
264819
264820
264824
264829
264833
264834
264835
264846
264849
264856
264861
264862
264868
264869
264872
264873
264874
264879
264888
264895
264899
264903
264907
264919
264921
264922
264924
264926
264927
264928
264938
264942
264958
264959
264962
264963
264966
264971
264983
264985
264989
264991
264992
264993
264996
265001
265003
265011
265013
265023
265024
265025
265028
265032
265035
265037
265041
265042
265044
265053
265054
265055
265059
265060
265067
265072
265073
265076
265077
265080
265083
265086
265093
265099
265113
265130
265131
265140
265142
265147
265149
265153
265156
265159
265162
265164
265169
265171
265177
265179
265183
265193
265194
265195
265200
265205
265206
265208
265213
265216
265220
265222
265223
265226
265227
265231
265247
265256
265261
265263
265264
265265
265266
265270
265275
265281
265302
265304
265306
265310
265311
265322
265326
265329
265330
265340
265343
265347
265348
265351
265357
265365
265372
265373
265376
265378
265383
265393
265398
265409
265412
265414
265415
265417
265420
265428
265432
265433
265437
265443
265449
265451
265454
265455
265464
265467
265469
265472
265476
265478
265481
265482
265484
265490
265493
265494
265498
265502
265506
265508
265512
265516
265529
265530
265533
265535
265536
265540
265542
265559
265563
265566
265568
265573
265583
265586
265587
265598
265601
265603
265604
265610
265611
265619
265620
265624
265635
265636
265638
265643
265646
265651
265652
265665
265670
265679
265685
265689
265691
265696
265699
265700
265701
265714
265717
265719
265722
265730
265734
265740
265742
265744
265745
265749
265751
265762
265766
265769
265775
265776
265779
265781
265787
265799
265801
265812
265832
265835
265839
265842
265849
265851
265855
265861
265864
265872
265874
265876
265883
265888
265897
265910
265913
265917
265927
265938
265941
265949
265952
265961
265963
265964
265977
265978
266001
266002
266004
266007
266010
266020
266026
266027
266031
266036
266037
266040
266041
266043
266044
266046
266049
266051
266061
266069
266076
266077
266082
266090
266093
266096
266099
266110
266121
266123
266125
266135
266141
266144
266148
266149
266152
266153
266159
266160
266164
266167
266174
266176
266179
266188
266195
266205
266217
266222
266223
266225
266232
266239
266243
266244
266255
266263
266268
266269
266270
266272
266273
266274
266275
266279
266281
266283
266285
266295
266296
266301
266303
266308
266315
266317
266319
266322
266329
266333
266340
266348
266353
266369
266374
266385
266388
266390
266391
266394
266397
266411
266415
266416
266418
266422
266423
266425
266435
266438
266441
266442
266446
266449
266457
266460
266463
266476
266480
266484
266487
266488
266490
266491
266492
266497
266498
266505
266508
266512
266514
266516
266521
266526
266527
266528
266529
266534
266535
266540
266545
266546
266557
266559
266569
266573
266581
266589
266595
266596
266598
266600
266608
266612
266617
266620
266627
266632
266633
266638
266642
266654
266655
266656
266659
266679
266681
266694
266697
266698
266701
266703
266704
266705
266711
266717
266722
266723
266725
266729
266734
266743
266744
266746
266748
266751
266757
266759
266761
266764
266765
266774
266775
266776
266779
266781
266784
266788
266794
266798
266801
266802
266804
266806
266813
266818
266827
266828
266831
266832
266833
266837
266846
266862
266863
266865
266869
266872
266875
266883
266886
266887
266898
266909
266910
266911
266912
266915
266918
266927
266931
266933
266934
266935
266937
266940
266944
266947
266955
266956
266962
266963
266972
266974
266981
266983
267021
267023
267025
267027
267028
267032
267033
267034
267035
267039
267044
267047
267049
267051
267065
267067
267082
267084
267085
267086
267092
267101
267110
267111
267114
267115
267117
267121
267124
267125
267126
267149
267150
267152
267153
267156
267168
267183
267185
267187
267191
267201
267209
267212
267221
267223
267225
267226
267231
267232
267233
267235
267239
267249
267250
267253
267261
267267
267273
267275
267276
267278
267279
267286
267287
267288
267289
267291
267297
267300
267304
267309
267312
267314
267319
267336
267342
267345
267347
267349
267354
267357
267361
267365
267370
267371
267376
267379
267381
267383
267386
267393
267394
267397
267398
267404
267407
267409
267416
267418
267426
267431
267432
267441
267443
267446
267455
267464
267468
267477
267480
267483
267489
267490
267492
267497
267500
267501
267508
267510
267518
267520
267529
267530
267531
267537
267546
267552
267553
267558
267561
267570
267574
267579
267589
267600
267603
267608
267618
267619
267624
267630
267642
267643
267645
267654
267656
267657
267659
267666
267669
267672
267673
267675
267676
267698
267700
267705
267710
267712
267717
267719
267732
267737
267741
267753
267757
267761
267766
267767
267768
267769
267770
267783
267807
267808
267812
267820
267822
267836
267839
267842
267845
267846
267848
267850
267851
267863
267866
267873
267874
267877
267880
267882
267883
267884
267888
267901
267903
267904
267914
267927
267934
267935
267937
267939
267943
267947
267949
267950
267952
267961
267972
267973
267974
267975
267982
267984
267990
267994
268004
268008
268011
268018
268020
268023
268032
268036
268052
268053
268056
268059
268062
268063
268064
268066
268069
268079
268082
268087
268092
268115
268118
268121
268124
268126
268127
268130
268133
268134
268138
268142
268144
268152
268158
268160
268163
268169
268183
268184
268186
268188
268189
268192
268195
268200
268202
268205
268209
268215
268216
268221
268225
268226
268235
268236
268255
268258
268260
268275
268278
268281
268282
268283
268288
268290
268291
268308
268314
268315
268322
268323
268324
268325
268327
268330
268331
268333
268344
268348
268353
268355
268356
268357
268358
268372
268376
268381
268382
268386
268397
268399
268402
268410
268412
268413
268422
268424
268435
268439
268441
268443
268452
268456
268459
268463
268466
268468
268474
268478
268484
268486
268488
268492
268495
268497
268498
268506
268507
268511
268513
268519
268534
268540
268548
268551
268553
268557
268558
268567
268569
268571
268575
268578
268584
268585
268586
268587
268595
268603
268610
268616
268618
268626
268637
268645
268648
268653
268654
268656
268662
268672
268673
268679
268683
268686
268687
268690
268692
268695
268696
268698
268701
268708
268716
268721
268722
268725
268727
268729
268734
268737
268752
268756
268761
268762
268778
268784
268796
268807
268813
268815
268818
268827
268828
268831
268833
268837
268844
268854
268855
268856
268860
268861
268864
268873
268875
268878
268883
268886
268887
268890
268899
268916
268919
268924
268933
268936
268938
268945
268947
268949
268952
268959
268960
268962
268964
268969
268973
268978
268982
268986
268991
268993
268996
268997
268998
269002
269003
269006
269008
269012
269014
269021
269029
269030
269033
269035
269057
269059
269060
269061
269063
269069
269075
269082
269084
269088
269093
269097
269100
269104
269105
269106
269111
269117
269126
269128
269130
269131
269133
269139
269147
269150
269157
269171
269173
269174
269184
269191
269196
269197
269199
269202
269206
269208
269210
269215
269218
269233
269236
269237
269251
269253
269255
269258
269261
269271
269275
269281
269282
269290
269295
269297
269300
269306
269317
269318
269321
269336
269338
269346
269354
269357
269364
269366
269369
269373
269374
269382
269386
269392
269395
269399
269400
269406
269411
269416
269420
269424
269425
269426
269438
269444
269449
269453
269462
269470
269484
269487
269488
269500
269502
269507
269508
269511
269518
269521
269525
269527
269529
269534
269535
269541
269546
269550
269551
269559
269562
269574
269575
269576
269580
269582
269589
269595
269607
269611
269617
269623
269625
269628
269632
269634
269639
269643
269646
269647
269654
269661
269676
269678
269679
269680
269696
269705
269706
269711
269712
269716
269720
269725
269730
269738
269743
269762
269764
269777
269779
269782
269785
269790
269795
269800
269807
269809
269812
269816
269817
269819
269822
269826
269828
269831
269850
269853
269855
269857
269859
269860
269866
269872
269876
269878
269880
269882
269892
269893
269902
269908
269910
269913
269916
269923
269929
269932
269933
269935
269943
269944
269945
269946
269948
269957
269962
269963
269975
269977
269985
269993
269999
270006
270007
270008
270014
270017
270023
270024
270030
270037
270038
270041
270044
270047
270054
270055
270062
270063
270065
270070
270074
270077
270087
270094
270095
270101
270103
270113
270114
270123
270124
270127
270128
270141
270142
270147
270151
270158
270159
270161
270166
270174
270175
270177
270190
270191
270208
270210
270214
270220
270224
270227
270228
270229
270236
270239
270240
270241
270248
270256
270258
270264
270267
270281
270283
270287
270295
270311
270313
270319
270334
270351
270355
270357
270358
270362
270363
270364
270367
270373
270374
270376
270379
270382
270383
270389
270395
270399
270401
270402
270407
270408
270409
270419
270427
270430
270437
270442
270443
270445
270446
270447
270453
270461
270467
270468
270469
270475
270487
270492
270499
270500
270526
270527
270534
270535
270538
270540
270541
270546
270555
270556
270557
270558
270567
270570
270574
270576
270581
270585
270591
270596
270597
270598
270610
270612
270616
270619
270621
270622
270623
270630
270633
270635
270638
270641
270643
270645
270647
270658
270660
270664
270666
270668
270670
270674
270676
270678
270682
270687
270689
270691
270700
270705
270708
270712
270715
270720
270724
270737
270757
270758
270759
270760
270763
270765
270769
270770
270779
270780
270781
270784
270786
270796
270824
270838
270843
270848
270861
270862
270865
270867
270868
270869
270872
270875
270883
270884
270891
270894
270899
270900
270901
270906
270910
270911
270912
270913
270915
270917
270918
270940
270941
270945
270954
270967
270972
270975
270978
270982
270985
271005
271013
271018
271022
271028
271036
271038
271051
271053
271078
271081
271085
271100
271101
271108
271109
271115
271116
271134
271148
271151
271152
271160
271162
271170
271175
271179
271180
271184
271191
271195
271207
271213
271216
271220
271221
271225
271226
271229
271230
271237
271240
271245
271248
271255
271259
271264
271266
271268
271273
271274
271276
271277
271285
271287
271296
271298
271312
271319
271320
271329
271331
271339
271342
271350
271362
271365
271366
271367
271373
271382
271387
271397
271400
271401
271404
271413
271414
271417
271419
271427
271428
271435
271445
271449
271458
271463
271466
271469
271479
271484
271487
271493
271497
271501
271502
271509
271523
271526
271527
271528
271529
271538
271545
271550
271552
271554
271557
271563
271565
271567
271573
271575
271582
271585
271597
271604
271605
271609
271611
271623
271628
271633
271639
271644
271658
271661
271663
271670
271671
271678
271683
271684
271685
271688
271689
271699
271701
271705
271712
271720
271722
271734
271745
271747
271751
271752
271753
271757
271773
271781
271782
271783
271788
271792
271799
271815
271819
271823
271826
271828
271829
271837
271838
271843
271845
271846
271851
271856
271865
271870
271872
271874
271876
271878
271880
271886
271890
271899
271904
271907
271908
271913
271917
271919
271921
271922
271930
271943
271945
271952
271959
271960
271970
271981
271982
271984
271996
271999
272002
272003
272006
272012
272013
272021
272031
272040
272045
272049
272056
272062
272064
272071
272075
272079
272081
272085
272086
272090
272100
272102
272109
272113
272114
272117
272128
272129
272133
272134
272144
272145
272148
272149
272152
272155
272160
272163
272164
272173
272181
272182
272183
272185
272189
272191
272192
272193
272209
272210
272211
272214
272223
272226
272230
272236
272240
272247
272255
272273
272274
272277
272280
272283
272286
272288
272294
272299
272301
272308
272309
272312
272319
272323
272326
272327
272330
272331
272333
272342
272349
272361
272363
272365
272366
272367
272373
272379
272386
272396
272397
272398
272408
272417
272425
272428
272436
272443
272446
272449
272460
272462
272463
272478
272487
272492
272501
272505
272511
272514
272531
272535
272545
272548
272550
272554
272564
272568
272577
272583
272588
272589
272599
272600
272607
272608
272610
272612
272614
272627
272636
272637
272642
272645
272646
272655
272664
272669
272682
272683
272688
272689
272695
272699
272703
272713
272722
272727
272730
272733
272735
272737
272747
272752
272754
272756
272765
272768
272791
272795
272796
272802
272806
272809
272812
272818
272821
272822
272829
272830
272833
272835
272837
272847
272879
272884
272886
272895
272899
272900
272905
272907
272908
272909
272918
272919
272923
272926
272928
272934
272937
272939
272942
272948
272949
272950
272953
272956
272963
272966
272968
272975
272981
272985
272990
273002
273018
273033
273035
273037
273038
273043
273044
273045
273046
273052
273066
273076
273081
273082
273091
273095
273097
273098
273110
273121
273124
273133
273140
273141
273145
273149
273163
273169
273176
273177
273187
273190
273196
273205
273208
273218
273228
273229
273232
273242
273251
273258
273268
273276
273278
273279
273289
273291
273295
273298
273303
273305
273308
273315
273318
273320
273323
273324
273328
273329
273341
273344
273363
273367
273369
273373
273377
273383
273385
273387
273395
273399
273402
273409
273421
273423
273427
273430
273436
273439
273441
273442
273447
273449
273450
273454
273456
273472
273474
273476
273483
273491
273492
273493
273495
273498
273514
273515
273526
273539
273543
273545
273547
273550
273552
273553
273555
273556
273557
273558
273560
273562
273563
273574
273576
273577
273582
273583
273585
273587
273590
273607
273616
273619
273620
273623
273624
273626
273627
273633
273636
273639
273642
273645
273660
273675
273676
273677
273681
273683
273686
273693
273695
273705
273708
273717
273720
273723
273724
273728
273733
273739
273743
273744
273750
273768
273773
273776
273789
273791
273793
273798
273799
273801
273810
273812
273813
273823
273826
273833
273838
273844
273855
273861
273865
273872
273873
273874
273876
273919
273932
273960
273961
273972
273974
273980
273983
273984
273993
274001
274002
274005
274006
274009
274011
274014
274021
274027
274033
274035
274039
274041
274044
274051
274053
274064
274067
274082
274085
274093
274096
274098
274105
274112
274123
274128
274132
274137
274140
274148
274149
274153
274157
274163
274166
274173
274175
274187
274188
274189
274190
274191
274192
274197
274199
274206
274208
274213
274223
274227
274229
274239
274241
274243
274245
274249
274251
274253
274268
274270
274272
274282
274283
274294
274295
274298
274301
274305
274313
274316
274319
274321
274322
274324
274331
274333
274337
274349
274353
274354
274359
274362
274367
274370
274372
274382
274383
274388
274391
274392
274402
274405
274408
274409
274418
274419
274422
274429
274430
274447
274451
274454
274455
274456
274457
274461
274465
274488
274489
274491
274492
274494
274497
274502
274506
274511
274518
274519
274525
274532
274543
274545
274548
274549
274553
274560
274564
274565
274569
274570
274582
274583
274588
274594
274597
274601
274608
274613
274614
274618
274623
274624
274626
274634
274639
274649
274650
274653
274655
274660
274662
274667
274672
274674
274677
274679
274700
274701
274714
274723
274739
274740
274743
274758
274759
274762
274764
274767
274773
274779
274786
274802
274804
274811
274815
274837
274839
274840
274843
274846
274847
274856
274857
274860
274861
274865
274868
274878
274879
274880
274889
274900
274901
274908
274913
274916
274920
274923
274936
274938
274939
274941
274951
274957
274961
274970
274976
274985
274986
274988
274990
275016
275017
275022
275023
275031
275032
275047
275049
275056
275058
275078
275080
275083
275096
275098
275101
275105
275107
275109
275118
275121
275131
275135
275144
275145
275147
275151
275158
275162
275164
275166
275167
275169
275173
275183
275185
275191
275196
275203
275214
275220
275224
275228
275232
275238
275239
275241
275244
275253
275257
275258
275259
275261
275263
275267
275268
275272
275275
275280
275296
275303
275308
275310
275311
275313
275314
275322
275324
275340
275349
275355
275358
275365
275375
275378
275379
275383
275385
275394
275400
275410
275416
275420
275427
275428
275432
275436
275447
275451
275462
275463
275469
275478
275483
275485
275504
275505
275513
275515
275516
275518
275527
275530
275533
275535
275536
275538
275542
275544
275557
275561
275565
275571
275581
275588
275598
275600
275601
275604
275605
275606
275609
275610
275611
275615
275616
275617
275626
275632
275638
275644
275651
275652
275657
275659
275660
275661
275664
275665
275674
275677
275681
275689
275693
275698
275699
275700
275701
275703
275704
275716
275718
275733
275735
275736
275739
275745
275749
275753
275770
275771
275775
275781
275785
275790
275793
275799
275800
275809
275813
275819
275829
275830
275831
275838
275845
275849
275852
275857
275865
275866
275877
275884
275886
275888
275894
275895
275899
275902
275905
275906
275907
275908
275916
275917
275919
275926
275931
275932
275934
275935
275936
275937
275945
275946
275947
275948
275953
275954
275962
275964
275967
275968
275970
275974
275987
275989
275993
276006
276007
276009
276018
276025
276027
276036
276040
276045
276050
276054
276055
276059
276062
276063
276064
276080
276084
276085
276086
276088
276091
276092
276099
276105
276106
276113
276116
276125
276126
276130
276138
276146
276151
276152
276161
276175
276192
276200
276208
276219
276220
276231
276245
276247
276248
276252
276255
276258
276259
276261
276266
276273
276294
276318
276321
276324
276326
276335
276340
276344
276358
276363
276364
276365
276368
276374
276382
276389
276397
276399
276402
276403
276405
276411
276420
276423
276432
276434
276437
276447
276448
276449
276452
276458
276468
276470
276471
276475
276478
276489
276494
276499
276501
276504
276506
276519
276522
276523
276526
276531
276537
276538
276541
276542
276544
276545
276547
276559
276560
276562
276564
276576
276582
276584
276588
276598
276601
276613
276614
276618
276622
276626
276630
276632
276635
276636
276644
276645
276648
276656
276657
276658
276661
276677
276679
276680
276690
276692
276696
276705
276710
276713
276720
276721
276725
276726
276732
276750
276754
276763
276766
276769
276773
276777
276780
276781
276788
276790
276795
276797
276814
276817
276822
276833
276845
276846
276849
276851
276854
276860
276863
276865
276867
276868
276869
276879
276882
276883
276885
276891
276902
276905
276906
276913
276917
276923
276930
276936
276939
276940
276960
276965
276968
276974
276975
276977
276981
276982
276989
276992
276998
276999
277005
277007
277010
277013
277025
277029
277034
277041
277042
277047
277048
277049
277050
277055
277060
277061
277078
277079
277085
277086
277087
277088
277089
277103
277110
277113
277134
277136
277141
277142
277146
277149
277151
277152
277156
277159
277168
277170
277171
277174
277176
277186
277189
277196
277199
277202
277206
277210
277218
277230
277231
277239
277247
277257
277265
277266
277273
277274
277277
277285
277295
277309
277334
277339
277352
277355
277356
277361
277365
277366
277375
277377
277381
277383
277395
277398
277407
277411
277416
277419
277423
277425
277428
277443
277447
277448
277460
277468
277472
277484
277487
277488
277491
277507
277512
277518
277526
277529
277530
277554
277555
277563
277564
277580
277584
277585
277586
277587
277588
277599
277606
277617
277619
277623
277632
277637
277639
277649
277654
277662
277663
277669
277670
277671
277672
277676
277677
277680
277689
277698
277705
277709
277715
277725
277728
277732
277738
277741
277744
277747
277751
277754
277755
277776
277779
277792
277794
277799
277817
277820
277832
277835
277839
277841
277845
277868
277875
277876
277877
277878
277885
277887
277894
277900
277906
277910
277911
277915
277921
277922
277931
277933
277940
277961
277968
277975
277992
277995
278007
278009
278011
278025
278026
278037
278038
278040
278069
278072
278075
278080
278083
278098
278102
278106
278109
278113
278116
278122
278126
278128
278131
278132
278135
278136
278137
278153
278154
278157
278161
278168
278169
278170
278181
278184
278202
278206
278218
278219
278232
278236
278239
278246
278247
278250
278251
278257
278267
278270
278272
278278
278288
278292
278295
278309
278311
278312
278313
278315
278317
278321
278326
278331
278335
278337
278341
278342
278343
278345
278348
278352
278355
278358
278361
278362
278365
278366
278370
278374
278378
278381
278385
278386
278388
278391
278392
278397
278399
278403
278406
278411
278413
278418
278421
278425
278426
278434
278444
278448
278450
278457
278458
278460
278464
278469
278473
278477
278485
278488
278493
278494
278496
278498
278503
278512
278515
278521
278533
278542
278544
278548
278550
278551
278552
278553
278559
278565
278570
278581
278587
278594
278601
278605
278606
278616
278618
278633
278638
278647
278650
278657
278660
278663
278664
278665
278668
278674
278680
278692
278695
278698
278701
278703
278707
278717
278725
278729
278730
278736
278737
278742
278745
278746
278753
278761
278762
278763
278764
278766
278772
278774
278776
278779
278781
278783
278795
278804
278814
278823
278840
278845
278846
278850
278851
278855
278871
278872
278874
278887
278892
278893
278897
278906
278909
278910
278912
278915
278923
278924
278929
278932
278938
278946
278948
278950
278952
278954
278955
278964
278971
278974
278982
278984
278994
278995
279018
279019
279026
279031
279045
279051
279059
279062
279074
279080
279083
279086
279091
279096
279097
279099
279100
279102
279103
279105
279110
279114
279120
279121
279124
279129
279135
279139
279156
279162
279166
279167
279175
279187
279188
279201
279202
279205
279213
279215
279219
279223
279245
279254
279257
279258
279266
279267
279269
279271
279275
279276
279289
279293
279295
279299
279301
279302
279307
279308
279309
279311
279316
279317
279329
279330
279332
279334
279340
279342
279356
279361
279362
279365
279368
279369
279379
279387
279389
279396
279404
279405
279413
279416
279419
279420
279427
279437
279440
279443
279458
279459
279466
279467
279468
279470
279475
279476
279478
279481
279482
279485
279487
279491
279493
279503
279504
279508
279509
279511
279517
279518
279526
279527
279537
279542
279543
279548
279551
279553
279554
279555
279556
279563
279572
279574
279579
279582
279586
279590
279593
279595
279602
279606
279609
279616
279619
279623
279633
279635
279641
279642
279651
279662
279668
279672
279675
279684
279692
279693
279697
279705
279713
279714
279719
279723
279732
279734
279735
279736
279758
279760
279762
279764
279767
279775
279780
279783
279786
279791
279792
279793
279796
279799
279800
279801
279812
279821
279824
279829
279834
279846
279848
279849
279857
279858
279871
279873
279875
279878
279881
279897
279903
279907
279912
279917
279919
279920
279923
279926
279928
279933
279958
279959
279965
279970
279976
279979
279987
279992
279993
280003
280005
280008
280024
280026
280034
280038
280039
280041
280045
280046
280047
280048
280051
280060
280064
280070
280081
280086
280102
280103
280108
280110
280111
280117
280119
280124
280138
280141
280149
280160
280161
280166
280172
280174
280183
280184
280185
280187
280189
280198
280200
280205
280206
280213
280216
280218
280228
280229
280237
280242
280244
280245
280247
280248
280250
280251
280260
280278
280282
280291
280293
280299
280300
280303
280305
280314
280324
280325
280326
280331
280337
280343
280346
280351
280352
280370
280374
280375
280376
280389
280394
280404
280411
280415
280426
280428
280430
280432
280441
280443
280444
280455
280461
280464
280467
280471
280475
280476
280478
280491
280494
280498
280499
280501
280503
280510
280516
280521
280532
280539
280540
280554
280560
280564
280574
280580
280583
280588
280590
280594
280603
280607
280614
280615
280621
280623
280624
280627
280633
280635
280636
280639
280646
280656
280664
280665
280667
280675
280677
280683
280690
280695
280703
280710
280713
280717
280724
280730
280732
280740
280741
280742
280744
280746
280748
280749
280755
280756
280763
280764
280773
280774
280780
280784
280798
280804
280807
280813
280823
280826
280831
280832
280841
280842
280844
280853
280855
280857
280871
280876
280882
280886
280892
280908
280914
280923
280926
280930
280935
280940
280942
280945
280949
280955
280956
280962
280972
280977
280978
280985
281008
281013
281014
281025
281027
281028
281030
281036
281040
281064
281065
281066
281070
281072
281079
281080
281082
281083
281114
281115
281116
281129
281136
281146
281152
281156
281157
281163
281165
281169
281173
281183
281193
281199
281203
281208
281214
281215
281219
281226
281241
281242
281247
281248
281254
281256
281262
281263
281264
281266
281267
281273
281275
281285
281291
281296
281301
281308
281313
281316
281319
281328
281329
281333
281334
281339
281347
281350
281352
281369
281380
281381
281383
281393
281394
281401
281409
281410
281412
281416
281419
281423
281425
281431
281442
281452
281454
281455
281457
281459
281463
281468
281471
281472
281482
281484
281487
281488
281489
281499
281503
281507
281523
281529
281564
281570
281575
281580
281587
281592
281595
281601
281622
281625
281638
281639
281646
281649
281651
281673
281678
281681
281682
281692
281693
281695
281702
281716
281718
281722
281724
281726
281730
281732
281736
281737
281744
281751
281755
281757
281758
281762
281763
281766
281768
281769
281774
281781
281787
281792
281793
281794
281809
281813
281815
281822
281825
281827
281828
281834
281836
281838
281843
281848
281850
281852
281859
281862
281864
281872
281883
281885
281889
281900
281910
281915
281918
281920
281927
281933
281940
281947
281951
281962
281964
281965
281967
281971
281972
281974
281983
281992
281996
282001
282012
282030
282036
282037
282040
282041
282048
282050
282051
282061
282063
282066
282077
282089
282090
282093
282095
282098
282108
282118
282122
282123
282137
282140
282147
282154
282160
282165
282168
282172
282176
282179
282192
282196
282200
282204
282209
282214
282217
282233
282238
282240
282245
282265
282266
282291
282292
282294
282295
282298
282301
282304
282305
282310
282316
282318
282322
282323
282325
282326
282337
282339
282350
282357
282364
282380
282383
282384
282394
282395
282397
282399
282407
282410
282414
282417
282419
282422
282423
282425
282426
282430
282432
282433
282435
282441
282444
282445
282447
282452
282455
282476
282477
282481
282487
282491
282498
282505
282509
282510
282512
282523
282540
282563
282567
282568
282570
282572
282574
282576
282577
282579
282580
282581
282582
282587
282588
282589
282597
282612
282614
282621
282627
282630
282631
282635
282640
282645
282654
282655
282657
282661
282664
282667
282668
282674
282677
282679
282686
282695
282697
282702
282709
282710
282715
282718
282730
282740
282745
282748
282749
282753
282756
282763
282765
282772
282774
282775
282783
282790
282795
282799
282802
282805
282807
282809
282810
282819
282820
282826
282827
282834
282835
282837
282838
282839
282849
282850
282855
282863
282864
282872
282875
282878
282880
282887
282900
282908
282909
282911
282914
282923
282924
282937
282938
282942
282943
282951
282952
282957
282961
282967
282982
282984
282987
282989
283002
283005
283009
283017
283020
283025
283030
283044
283059
283060
283068
283075
283076
283081
283085
283092
283094
283096
283098
283099
283103
283105
283106
283122
283124
283125
283127
283128
283130
283135
283141
283142
283145
283151
283154
283169
283170
283173
283176
283179
283184
283192
283195
283198
283203
283210
283214
283227
283231
283239
283245
283247
283248
283252
283254
283255
283257
283269
283272
283280
283283
283284
283287
283288
283289
283290
283296
283298
283303
283304
283311
283313
283316
283317
283318
283319
283329
283337
283343
283346
283348
283352
283353
283355
283356
283357
283360
283368
283375
283383
283389
283390
283411
283412
283413
283414
283415
283417
283418
283421
283422
283425
283429
283436
283438
283449
283451
283453
283454
283462
283471
283473
283485
283496
283502
283504
283512
283513
283518
283523
283524
283531
283534
283539
283544
283546
283554
283557
283558
283566
283568
283571
283574
283580
283587
283590
283600
283612
283615
283621
283635
283638
283641
283642
283645
283659
283662
283667
283672
283675
283679
283684
283686
283687
283689
283692
283702
283703
283704
283705
283710
283717
283733
283736
283737
283738
283742
283743
283744
283753
283763
283777
283779
283789
283790
283793
283797
283798
283808
283815
283817
283823
283836
283838
283846
283848
283850
283857
283858
283862
283870
283871
283874
283875
283878
283880
283884
283887
283891
283898
283906
283918
283921
283922
283932
283952
283966
283971
283972
283977
283983
283984
283987
283988
283995
283999
284013
284017
284023
284029
284031
284034
284069
284074
284083
284088
284100
284102
284103
284107
284109
284114
284118
284119
284120
284121
284137
284140
284142
284146
284161
284164
284168
284174
284177
284179
284180
284185
284191
284199
284201
284202
284203
284204
284205
284207
284211
284215
284217
284222
284226
284227
284233
284237
284256
284257
284263
284268
284274
284275
284279
284294
284295
284298
284303
284305
284311
284312
284313
284316
284319
284333
284335
284342
284348
284353
284358
284359
284363
284364
284370
284376
284381
284390
284391
284399
284401
284406
284419
284421
284426
284433
284436
284441
284443
284446
284462
284463
284469
284472
284473
284489
284494
284497
284508
284512
284514
284518
284519
284525
284529
284544
284547
284549
284551
284552
284563
284569
284577
284578
284582
284588
284590
284593
284613
284615
284616
284617
284630
284631
284633
284634
284637
284640
284641
284642
284646
284648
284659
284660
284665
284669
284673
284683
284697
284699
284700
284729
284730
284736
284737
284742
284747
284748
284749
284753
284759
284764
284765
284776
284778
284779
284785
284788
284799
284801
284809
284817
284823
284824
284837
284842
284844
284846
284848
284849
284859
284862
284870
284871
284872
284873
284874
284880
284881
284882
284887
284896
284899
284905
284910
284913
284916
284919
284922
284923
284931
284935
284938
284945
284946
284950
284951
284953
284954
284956
284957
284964
284965
284966
284971
284973
284980
284981
284982
284983
284986
285002
285008
285016
285019
285020
285029
285035
285046
285074
285082
285084
285085
285086
285089
285107
285112
285119
285128
285139
285141
285147
285152
285155
285159
285163
285165
285180
285182
285187
285191
285192
285203
285206
285207
285213
285217
285220
285222
285226
285234
285244
285246
285248
285251
285256
285261
285277
285279
285280
285290
285299
285310
285311
285317
285323
285325
285333
285334
285339
285340
285341
285347
285349
285356
285357
285363
285371
285378
285381
285388
285389
285393
285400
285426
285428
285433
285443
285445
285452
285453
285456
285457
285458
285469
285474
285480
285489
285491
285508
285526
285533
285536
285539
285557
285562
285570
285573
285574
285575
285577
285578
285581
285582
285587
285588
285589
285593
285597
285606
285623
285624
285627
285630
285640
285641
285645
285653
285656
285658
285672
285674
285677
285678
285682
285688
285699
285703
285706
285714
285717
285720
285723
285735
285737
285740
285748
285749
285750
285752
285756
285760
285770
285772
285775
285777
285778
285787
285788
285808
285814
285825
285826
285827
285829
285833
285834
285848
285851
285855
285860
285861
285865
285867
285868
285869
285891
285898
285900
285908
285914
285915
285917
285919
285928
285929
285931
285942
285944
285973
285976
285977
285979
285984
285985
285993
285994
285996
286001
286006
286027
286030
286031
286034
286042
286043
286045
286046
286047
286055
286056
286063
286087
286093
286101
286104
286106
286109
286123
286129
286133
286140
286147
286150
286164
286165
286168
286169
286171
286174
286182
286195
286196
286197
286198
286201
286216
286224
286230
286234
286237
286243
286248
286253
286260
286264
286281
286292
286293
286303
286307
286310
286311
286314
286319
286324
286345
286352
286353
286357
286363
286366
286367
286371
286376
286379
286381
286388
286392
286399
286405
286409
286414
286420
286424
286425
286426
286427
286431
286436
286439
286443
286445
286446
286450
286453
286455
286463
286468
286470
286477
286484
286489
286491
286493
286510
286514
286521
286528
286535
286542
286544
286547
286548
286555
286568
286569
286578
286581
286583
286584
286585
286587
286594
286596
286601
286605
286615
286619
286620
286622
286636
286655
286657
286676
286679
286681
286682
286686
286691
286693
286700
286702
286703
286704
286706
286707
286713
286718
286722
286723
286726
286728
286731
286733
286735
286738
286745
286749
286755
286772
286773
286779
286781
286788
286793
286811
286812
286822
286841
286847
286867
286877
286878
286881
286883
286886
286888
286889
286892
286894
286899
286900
286901
286903
286905
286906
286907
286908
286920
286924
286925
286932
286933
286937
286940
286948
286952
286953
286961
286971
286975
286976
286988
286991
286994
287006
287010
287011
287012
287014
287017
287025
287028
287030
287031
287035
287036
287045
287049
287060
287065
287068
287069
287074
287075
287077
287078
287080
287083
287085
287092
287095
287101
287103
287106
287118
287119
287125
287129
287132
287134
287135
287137
287138
287144
287147
287158
287159
287162
287165
287171
287182
287186
287196
287198
287227
287229
287232
287235
287246
287248
287255
287263
287264
287265
287269
287270
287271
287274
287280
287289
287295
287303
287308
287309
287310
287320
287321
287323
287326
287328
287329
287330
287332
287344
287345
287346
287347
287350
287351
287355
287362
287369
287371
287373
287376
287382
287384
287392
287393
287407
287412
287417
287419
287422
287423
287425
287434
287438
287439
287440
287445
287447
287453
287454
287458
287462
287476
287486
287491
287492
287493
287494
287495
287504
287509
287514
287516
287517
287519
287526
287527
287539
287545
287546
287554
287557
287560
287571
287580
287581
287583
287584
287590
287592
287596
287604
287611
287618
287619
287629
287636
287638
287654
287655
287657
287661
287671
287676
287683
287688
287690
287692
287693
287696
287701
287705
287712
287714
287715
287716
287719
287727
287736
287738
287747
287758
287759
287762
287773
287774
287777
287785
287787
287788
287789
287795
287797
287801
287802
287803
287806
287811
287818
287823
287837
287838
287839
287840
287843
287847
287851
287853
287856
287860
287870
287871
287881
287889
287890
287891
287892
287896
287903
287909
287910
287913
287917
287919
287927
287940
287943
287946
287950
287953
287955
287956
287964
287968
287974
287991
287996
288000
288001
288004
288019
288020
288021
288034
288035
288037
288049
288050
288051
288054
288059
288071
288075
288077
288081
288090
288091
288099
288107
288110
288117
288119
288126
288134
288137
288139
288142
288150
288153
288155
288157
288165
288173
288179
288185
288187
288189
288191
288193
288205
288208
288210
288214
288217
288219
288223
288231
288235
288236
288242
288246
288247
288248
288249
288253
288255
288271
288272
288291
288296
288298
288300
288309
288316
288327
288329
288333
288335
288356
288363
288368
288381
288387
288388
288390
288392
288394
288407
288410
288412
288418
288421
288430
288436
288438
288439
288440
288446
288452
288454
288461
288465
288466
288474
288479
288480
288488
288491
288505
288507
288513
288523
288525
288526
288529
288530
288534
288537
288540
288554
288556
288566
288567
288569
288579
288584
288587
288592
288597
288599
288600
288606
288627
288628
288629
288633
288638
288639
288644
288646
288648
288653
288660
288666
288675
288679
288681
288685
288689
288691
288692
288700
288720
288723
288730
288752
288753
288755
288757
288769
288774
288777
288779
288796
288803
288804
288805
288809
288810
288812
288816
288828
288836
288837
288842
288843
288844
288851
288853
288854
288855
288857
288858
288861
288864
288865
288868
288869
288870
288875
288879
288889
288891
288892
288893
288894
288896
288900
288901
288904
288907
288912
288915
288924
288929
288937
288938
288939
288946
288952
288956
288957
288962
288968
288970
288979
288987
288994
288997
289003
289005
289007
289008
289010
289013
289014
289015
289020
289021
289029
289040
289043
289063
289065
289076
289089
289095
289099
289104
289105
289109
289124
289125
289131
289139
289144
289150
289151
289152
289159
289165
289167
289169
289170
289172
289176
289180
289182
289183
289184
289193
289204
289205
289213
289214
289220
289222
289237
289250
289264
289269
289276
289277
289286
289289
289299
289301
289312
289317
289324
289330
289332
289337
289343
289346
289360
289370
289373
289374
289377
289380
289385
289389
289390
289395
289399
289402
289405
289417
289421
289422
289440
289445
289449
289456
289457
289461
289476
289477
289488
289510
289512
289513
289520
289525
289546
289549
289556
289559
289560
289564
289567
289569
289571
289577
289585
289589
289590
289593
289595
289600
289604
289609
289616
289620
289622
289639
289640
289644
289648
289649
289658
289664
289665
289668
289670
289673
289681
289685
289687
289700
289703
289710
289717
289721
289725
289730
289734
289735
289743
289745
289749
289752
289762
289765
289770
289791
289792
289799
289813
289816
289821
289823
289824
289826
289828
289829
289843
289848
289853
289857
289860
289862
289872
289876
289881
289893
289896
289898
289901
289902
289903
289907
289911
289920
289921
289923
289925
289936
289937
289948
289959
289962
289967
289980
289984
289991
289992
289993
289998
290000
290005
290008
290009
290015
290023
290030
290031
290038
290040
290041
290043
290044
290053
290057
290062
290067
290080
290086
290093
290094
290100
290104
290105
290106
290108
290121
290130
290138
290144
290145
290149
290153
290156
290160
290164
290165
290166
290167
290169
290175
290199
290205
290209
290213
290214
290223
290224
290225
290232
290239
290241
290242
290243
290246
290248
290255
290263
290272
290276
290279
290281
290284
290287
290292
290294
290300
290313
290320
290323
290327
290328
290333
290334
290335
290338
290344
290347
290350
290359
290364
290371
290372
290374
290375
290376
290379
290381
290384
290385
290386
290388
290391
290392
290394
290398
290400
290403
290404
290413
290416
290418
290422
290424
290426
290428
290439
290440
290454
290456
290461
290464
290468
290473
290474
290479
290481
290486
290489
290501
290514
290523
290524
290525
290527
290531
290541
290543
290550
290554
290556
290557
290562
290568
290571
290572
290573
290577
290584
290597
290603
290615
290616
290619
290620
290621
290622
290623
290630
290637
290640
290641
290648
290649
290656
290657
290662
290664
290677
290689
290706
290708
290709
290711
290716
290717
290718
290720
290723
290727
290728
290733
290740
290743
290749
290752
290757
290760
290766
290773
290776
290782
290789
290792
290793
290806
290815
290820
290834
290842
290845
290861
290862
290863
290866
290873
290874
290876
290882
290883
290885
290887
290888
290890
290924
290926
290928
290933
290934
290940
290941
290944
290945
290953
290957
290960
290961
290963
290964
290966
290969
290977
290982
290984
290986
291003
291004
291013
291017
291018
291024
291027
291035
291037
291043
291045
291046
291052
291054
291056
291057
291064
291072
291088
291093
291111
291125
291132
291133
291141
291147
291149
291154
291156
291159
291160
291163
291166
291168
291177
291180
291185
291186
291189
291196
291200
291201
291202
291207
291209
291215
291218
291229
291238
291245
291248
291251
291252
291257
291258
291261
291263
291269
291270
291280
291296
291308
291310
291312
291317
291332
291335
291339
291349
291350
291369
291373
291380
291382
291385
291393
291394
291396
291397
291404
291406
291407
291412
291421
291438
291443
291444
291447
291449
291458
291463
291467
291472
291474
291482
291483
291489
291490
291491
291493
291494
291497
291498
291500
291503
291510
291511
291512
291518
291519
291520
291523
291524
291531
291542
291543
291549
291550
291553
291567
291571
291578
291580
291586
291588
291591
291593
291602
291604
291608
291613
291632
291633
291640
291645
291646
291667
291687
291690
291691
291703
291707
291708
291709
291711
291720
291732
291740
291743
291746
291756
291758
291760
291761
291767
291768
291770
291771
291773
291776
291790
291791
291795
291802
291804
291807
291813
291818
291824
291827
291830
291832
291835
291836
291838
291841
291844
291846
291848
291870
291875
291876
291877
291878
291882
291887
291893
291897
291913
291914
291918
291919
291921
291924
291926
291928
291932
291954
291960
291965
291969
291971
291972
291975
291977
291987
291989
291992
292016
292017
292024
292025
292026
292027
292028
292029
292035
292037
292038
292040
292041
292042
292043
292048
292053
292057
292061
292070
292074
292076
292079
292081
292090
292098
292099
292103
292106
292107
292113
292121
292124
292147
292158
292160
292161
292164
292176
292177
292184
292187
292189
292191
292196
292203
292204
292206
292207
292213
292217
292220
292223
292230
292250
292267
292279
292281
292283
292284
292293
292299
292304
292308
292314
292317
292326
292332
292334
292340
292345
292348
292356
292372
292373
292381
292383
292389
292391
292392
292395
292396
292402
292406
292407
292409
292411
292425
292426
292428
292429
292431
292435
292446
292448
292459
292469
292470
292471
292477
292479
292481
292489
292491
292506
292507
292516
292517
292518
292521
292528
292530
292531
292533
292538
292541
292547
292549
292550
292558
292561
292565
292568
292585
292590
292597
292599
292601
292602
292603
292610
292613
292614
292619
292631
292637
292638
292640
292646
292651
292654
292655
292660
292661
292670
292672
292679
292682
292689
292691
292692
292694
292703
292707
292710
292715
292723
292726
292733
292742
292752
292753
292757
292769
292775
292783
292794
292800
292801
292803
292805
292809
292815
292825
292830
292832
292838
292841
292844
292847
292852
292855
292865
292867
292868
292878
292890
292894
292896
292897
292914
292917
292922
292929
292936
292939
292950
292951
292953
292955
292958
292969
292970
292979
292980
292997
293003
293013
293019
293020
293021
293024
293025
293031
293035
293045
293049
293053
293057
293062
293071
293075
293076
293083
293094
293099
293101
293102
293103
293110
293111
293114
293115
293129
293133
293145
293150
293155
293162
293163
293171
293181
293187
293190
293196
293197
293206
293207
293209
293210
293214
293219
293226
293240
293250
293255
293259
293263
293268
293271
293272
293273
293278
293283
293285
293286
293288
293294
293299
293308
293311
293322
293339
293348
293362
293366
293373
293374
293377
293387
293389
293390
293391
293392
293393
293402
293414
293428
293429
293431
293437
293440
293456
293458
293468
293483
293484
293494
293506
293507
293508
293511
293519
293520
293521
293527
293535
293538
293541
293547
293559
293560
293563
293564
293566
293568
293571
293576
293578
293579
293582
293583
293591
293592
293596
293597
293604
293606
293610
293621
293622
293627
293634
293641
293647
293655
293658
293659
293669
293675
293677
293681
293684
293685
293699
293704
293707
293710
293716
293717
293718
293720
293721
293729
293732
293737
293749
293751
293752
293753
293762
293763
293769
293772
293782
293783
293784
293788
293806
293810
293822
293823
293827
293828
293835
293838
293843
293849
293852
293863
293866
293867
293872
293878
293879
293880
293887
293888
293892
293893
293900
293902
293910
293912
293916
293922
293931
293934
293936
293940
293953
293961
293965
293967
293970
293971
293974
293980
293981
293996
293999
294003
294007
294010
294012
294013
294015
294016
294018
294019
294021
294027
294030
294033
294037
294038
294044
294045
294048
294051
294067
294074
294076
294077
294080
294084
294089
294090
294096
294098
294101
294107
294112
294113
294117
294119
294120
294123
294126
294129
294132
294133
294141
294146
294156
294158
294160
294165
294171
294178
294182
294185
294198
294202
294203
294205
294209
294214
294217
294223
294250
294265
294281
294294
294295
294299
294303
294309
294319
294325
294328
294329
294333
294335
294341
294346
294347
294348
294350
294354
294355
294358
294360
294362
294375
294378
294384
294387
294389
294394
294395
294399
294401
294407
294410
294412
294417
294420
294421
294430
294438
294439
294441
294457
294458
294460
294461
294464
294472
294481
294482
294485
294494
294501
294534
294540
294545
294552
294553
294560
294570
294579
294581
294584
294594
294595
294599
294601
294607
294609
294612
294619
294626
294627
294635
294636
294640
294647
294648
294650
294675
294676
294679
294685
294698
294708
294712
294717
294725
294726
294727
294729
294731
294737
294738
294744
294746
294752
294753
294770
294772
294775
294776
294778
294781
294782
294785
294786
294804
294806
294807
294812
294816
294827
294830
294832
294834
294837
294841
294843
294847
294856
294862
294864
294865
294867
294869
294871
294874
294876
294878
294880
294881
294885
294901
294907
294909
294912
294916
294919
294925
294928
294930
294935
294937
294938
294946
294950
294959
294962
294964
294967
294983
294985
294986
294987
294988
294993
294996
294997
295000
295001
295009
295012
295017
295020
295023
295048
295050
295060
295076
295079
295080
295089
295090
295092
295112
295114
295115
295123
295130
295137
295141
295143
295148
295157
295159
295162
295165
295169
295170
295175
295178
295180
295181
295184
295188
295196
295197
295201
295207
295211
295212
295217
295222
295228
295234
295235
295237
295250
295252
295254
295260
295266
295272
295273
295274
295275
295280
295287
295289
295292
295303
295307
295316
295319
295322
295323
295324
295334
295338
295341
295342
295350
295354
295355
295358
295359
295364
295368
295370
295372
295373
295379
295382
295386
295397
295401
295402
295403
295404
295412
295419
295420
295423
295425
295433
295460
295463
295470
295479
295480
295483
295493
295516
295519
295524
295527
295533
295540
295541
295565
295567
295579
295586
295588
295591
295592
295595
295596
295605
295606
295607
295612
295616
295617
295628
295629
295632
295641
295645
295648
295649
295650
295671
295676
295681
295684
295691
295695
295702
295706
295708
295722
295724
295726
295730
295744
295746
295747
295748
295751
295760
295764
295768
295778
295780
295784
295785
295789
295790
295791
295797
295801
295808
295810
295818
295823
295825
295829
295845
295846
295849
295853
295854
295869
295874
295879
295885
295895
295904
295907
295909
295913
295915
295924
295925
295940
295941
295943
295950
295954
295960
295961
295967
295980
295982
295984
295985
295992
296013
296014
296015
296017
296027
296036
296042
296043
296047
296065
296066
296067
296078
296082
296084
296090
296095
296097
296100
296109
296112
296113
296116
296137
296139
296149
296152
296161
296163
296164
296167
296168
296173
296178
296180
296184
296190
296192
296196
296201
296207
296211
296232
296242
296244
296245
296248
296249
296250
296251
296268
296270
296272
296298
296313
296318
296320
296322
296350
296351
296360
296364
296366
296367
296370
296374
296378
296385
296387
296391
296394
296395
296406
296407
296408
296409
296419
296425
296426
296429
296432
296435
296444
296449
296458
296461
296466
296467
296480
296485
296488
296489
296490
296493
296507
296508
296514
296517
296518
296523
296532
296538
296545
296556
296560
296561
296563
296565
296572
296573
296574
296576
296580
296582
296586
296602
296612
296618
296621
296622
296633
296634
296638
296641
296643
296645
296648
296657
296658
296668
296671
296673
296674
296675
296676
296687
296688
296694
296702
296703
296709
296711
296712
296713
296718
296721
296726
296728
296729
296730
296731
296734
296735
296737
296747
296748
296751
296753
296766
296767
296768
296771
296772
296777
296787
296789
296790
296816
296817
296818
296819
296822
296834
296836
296845
296847
296848
296849
296856
296857
296858
296868
296869
296877
296878
296889
296895
296899
296901
296905
296909
296910
296916
296924
296928
296933
296934
296938
296944
296949
296960
296962
296964
296967
296968
296970
296987
296995
297001
297002
297008
297018
297019
297026
297027
297029
297039
297043
297044
297045
297053
297059
297070
297072
297079
297082
297093
297105
297109
297114
297117
297125
297131
297132
297143
297144
297148
297149
297152
297160
297161
297165
297175
297178
297179
297198
297202
297210
297232
297239
297241
297247
297249
297253
297257
297263
297265
297267
297268
297276
297277
297280
297282
297283
297286
297307
297310
297314
297315
297318
297326
297328
297340
297349
297354
297361
297364
297365
297374
297381
297382
297386
297391
297392
297394
297397
297410
297418
297419
297428
297433
297436
297437
297441
297445
297449
297450
297454
297455
297459
297460
297464
297470
297475
297485
297493
297501
297507
297508
297511
297512
297519
297529
297533
297537
297538
297540
297559
297560
297562
297563
297566
297574
297576
297580
297588
297593
297594
297595
297598
297602
297612
297615
297619
297620
297625
297631
297637
297640
297642
297643
297644
297645
297650
297652
297654
297659
297666
297667
297668
297672
297673
297674
297675
297680
297681
297685
297687
297688
297691
297694
297696
297702
297703
297710
297719
297731
297734
297738
297743
297746
297748
297761
297764
297767
297768
297770
297777
297781
297782
297785
297788
297792
297793
297797
297798
297803
297815
297816
297818
297820
297827
297828
297837
297846
297856
297862
297863
297870
297874
297878
297883
297885
297888
297890
297897
297902
297904
297907
297911
297920
297921
297938
297944
297946
297947
297949
297950
297951
297953
297956
297959
297965
297966
297967
297971
297972
297975
297978
297989
297993
298001
298020
298030
298039
298047
298057
298061
298067
298070
298073
298082
298091
298092
298096
298127
298128
298133
298134
298135
298138
298142
298143
298146
298147
298151
298158
298159
298163
298164
298175
298180
298184
298185
298186
298187
298194
298208
298209
298220
298222
298231
298235
298241
298249
298252
298262
298265
298266
298268
298270
298272
298274
298279
298280
298290
298311
298312
298322
298329
298332
298333
298334
298337
298356
298357
298371
298374
298382
298393
298398
298400
298402
298410
298414
298415
298431
298434
298437
298439
298459
298461
298463
298473
298479
298489
298494
298498
298501
298505
298512
298518
298522
298525
298529
298533
298538
298545
298546
298552
298554
298560
298562
298565
298567
298572
298573
298578
298584
298593
298596
298598
298604
298611
298617
298627
298633
298635
298641
298648
298649
298652
298671
298675
298684
298690
298692
298693
298696
298700
298716
298720
298723
298732
298736
298746
298747
298750
298759
298762
298769
298775
298783
298786
298788
298796
298797
298799
298811
298835
298837
298843
298845
298849
298853
298865
298867
298884
298890
298891
298896
298906
298908
298911
298912
298919
298920
298921
298923
298929
298931
298933
298934
298950
298962
298964
298971
298973
298977
298982
298984
298986
298987
298999
299000
299004
299005
299008
299011
299012
299016
299017
299018
299019
299028
299030
299033
299043
299048
299059
299068
299076
299080
299085
299094
299106
299111
299117
299119
299124
299129
299131
299132
299134
299135
299140
299147
299150
299151
299157
299159
299160
299165
299174
299175
299178
299179
299184
299187
299202
299203
299207
299213
299214
299218
299219
299226
299233
299235
299238
299245
299257
299263
299268
299269
299270
299271
299284
299288
299291
299298
299299
299313
299314
299315
299316
299317
299320
299323
299338
299339
299340
299341
299342
299345
299347
299361
299366
299368
299371
299372
299383
299386
299387
299394
299397
299401
299402
299407
299418
299420
299427
299428
299430
299432
299436
299446
299453
299457
299458
299462
299465
299466
299481
299483
299484
299487
299492
299499
299501
299506
299509
299512
299515
299519
299521
299526
299528
299543
299545
299546
299550
299551
299553
299556
299562
299564
299566
299567
299571
299575
299576
299577
299581
299588
299589
299590
299619
299627
299630
299631
299633
299637
299642
299644
299650
299657
299660
299661
299672
299673
299675
299682
299684
299685
299691
299696
299701
299702
299703
299707
299709
299710
299713
299717
299720
299721
299722
299726
299731
299733
299736
299738
299741
299749
299751
299757
299761
299762
299763
299765
299767
299768
299774
299775
299778
299779
299783
299814
299817
299827
299843
299844
299847
299849
299853
299856
299858
299861
299863
299869
299870
299872
299873
299874
299885
299889
299890
299895
299898
299904
299905
299906
299908
299911
299912
299921
299924
299926
299927
299930
299933
299934
299937
299941
299943
299944
299952
299954
299955
299956
299959
299960
299961
299965
299966
299968
299977
299984
300000
300002
300003
300009
300017
300021
300023
300042
300043
300050
300060
300063
300070
300078
300082
300083
300088
300089
300092
300099
300105
300108
300125
300134
300143
300145
300151
300156
300161
300163
300164
300165
300166
300169
300172
300175
300177
300182
300186
300187
300193
300199
300202
300207
300213
300216
300219
300228
300230
300236
300239
300242
300248
300252
300254
300258
300268
300272
300279
300285
300287
300288
300292
300303
300305
300316
300317
300323
300337
300342
300344
300346
300347
300348
300352
300357
300358
300359
300366
300368
300370
300375
300376
300378
300380
300383
300384
300386
300390
300399
300401
300406
300408
300409
300416
300417
300421
300428
300445
300456
300460
300461
300463
300467
300469
300474
300475
300478
300481
300486
300488
300492
300493
300497
300502
300503
300504
300505
300514
300516
300519
300521
300522
300525
300529
300531
300537
300546
300547
300549
300550
300552
300555
300561
300566
300568
300574
300576
300579
300580
300585
300587
300588
300593
300610
300621
300631
300635
300636
300655
300657
300659
300666
300667
300673
300675
300678
300689
300693
300711
300714
300715
300718
300729
300763
300767
300769
300775
300791
300793
300805
300806
300809
300822
300823
300833
300835
300838
300840
300855
300858
300864
300867
300879
300886
300914
300920
300921
300925
300926
300927
300932
300937
300939
300946
300950
300955
300959
300964
300966
300970
300971
300972
300975
300977
300989
300991
300992
300997
301005
301007
301017
301018
301030
301033
301044
301050
301054
301059
301060
301066
301072
301081
301085
301087
301089
301093
301094
301098
301102
301109
301111
301115
301122
301124
301129
301142
301143
301145
301146
301148
301152
301158
301161
301165
301168
301170
301171
301178
301203
301214
301222
301235
301236
301244
301246
301249
301252
301254
301257
301258
301261
301269
301271
301272
301273
301278
301286
301289
301297
301307
301312
301315
301316
301320
301326
301331
301338
301340
301343
301353
301356
301357
301362
301365
301367
301374
301379
301380
301388
301389
301392
301397
301401
301405
301417
301442
301444
301451
301465
301470
301477
301481
301482
301485
301487
301489
301490
301495
301505
301510
301515
301518
301528
301538
301544
301548
301558
301560
301570
301575
301581
301582
301584
301585
301600
301607
301608
301610
301617
301627
301629
301635
301641
301642
301643
301648
301654
301665
301666
301668
301670
301671
301675
301676
301690
301703
301705
301715
301716
301717
301718
301720
301721
301729
301733
301740
301747
301751
301752
301758
301762
301765
301767
301768
301769
301778
301780
301785
301791
301792
301796
301807
301810
301812
301819
301821
301829
301835
301845
301849
301850
301862
301868
301869
301873
301877
301884
301887
301914
301922
301935
301958
301964
301966
301970
301978
301980
301984
301987
302010
302014
302018
302023
302024
302029
302034
302037
302043
302044
302046
302049
302056
302057
302061
302065
302071
302072
302077
302082
302087
302095
302103
302106
302116
302124
302125
302128
302132
302142
302143
302144
302147
302156
302157
302160
302161
302164
302169
302176
302177
302183
302189
302204
302209
302219
302220
302223
302225
302227
302231
302232
302233
302242
302249
302255
302257
302264
302267
302270
302277
302279
302286
302289
302292
302298
302301
302303
302305
302311
302315
302319
302337
302339
302341
302346
302347
302350
302351
302358
302364
302375
302379
302380
302382
302384
302391
302397
302398
302399
302403
302408
302410
302413
302420
302422
302435
302438
302439
302440
302452
302456
302457
302460
302461
302465
302466
302473
302474
302476
302481
302483
302487
302489
302491
302494
302505
302506
302510
302517
302524
302540
302542
302544
302552
302557
302558
302571
302573
302580
302584
302587
302589
302593
302596
302601
302630
302631
302632
302635
302639
302641
302644
302647
302650
302652
302654
302655
302665
302667
302671
302680
302684
302687
302697
302704
302707
302716
302717
302719
302729
302730
302732
302742
302744
302750
302751
302760
302761
302763
302766
302768
302771
302773
302774
302777
302778
302790
302810
302815
302817
302820
302824
302836
302847
302848
302849
302852
302853
302855
302858
302863
302872
302881
302887
302890
302892
302896
302899
302901
302903
302906
302908
302909
302912
302917
302920
302921
302926
302928
302929
302930
302935
302962
302964
302967
302971
302979
302984
302985
302987
302996
303000
303010
303011
303013
303015
303017
303020
303022
303033
303034
303039
303042
303045
303052
303058
303066
303068
303070
303071
303072
303076
303085
303105
303108
303110
303114
303116
303119
303122
303134
303137
303152
303154
303161
303167
303180
303181
303184
303196
303199
303203
303213
303223
303239
303245
303247
303248
303251
303256
303257
303258
303263
303264
303267
303268
303269
303271
303278
303279
303280
303282
303292
303293
303294
303295
303298
303299
303302
303304
303305
303306
303311
303312
303318
303322
303330
303331
303338
303352
303366
303369
303372
303376
303377
303389
303394
303395
303397
303398
303404
303409
303414
303415
303416
303426
303428
303429
303440
303444
303451
303463
303476
303482
303486
303496
303498
303508
303512
303514
303515
303521
303524
303534
303535
303540
303541
303546
303573
303576
303584
303590
303594
303598
303600
303604
303612
303613
303619
303620
303631
303634
303635
303636
303640
303647
303651
303655
303656
303658
303661
303663
303668
303684
303686
303691
303698
303701
303706
303711
303712
303713
303722
303724
303734
303748
303749
303761
303770
303771
303774
303776
303777
303785
303791
303795
303798
303799
303800
303801
303803
303804
303805
303809
303812
303822
303825
303836
303848
303856
303870
303874
303875
303879
303880
303881
303883
303890
303901
303902
303906
303909
303914
303918
303920
303921
303924
303939
303943
303945
303946
303949
303958
303965
303970
303975
303979
303980
303984
303989
303990
303991
304001
304003
304009
304016
304019
304022
304024
304026
304028
304030
304033
304044
304051
304060
304064
304066
304069
304070
304075
304076
304079
304083
304090
304096
304097
304100
304101
304106
304119
304122
304127
304130
304131
304133
304134
304141
304143
304146
304155
304157
304160
304171
304173
304180
304181
304185
304191
304192
304193
304199
304203
304204
304211
304212
304218
304221
304236
304238
304241
304243
304244
304255
304256
304266
304268
304269
304274
304277
304278
304279
304286
304294
304302
304304
304308
304328
304338
304342
304349
304354
304357
304365
304370
304371
304380
304388
304396
304397
304404
304405
304407
304408
304409
304415
304417
304419
304421
304425
304428
304435
304456
304458
304459
304465
304469
304473
304482
304492
304494
304498
304499
304500
304501
304516
304522
304524
304525
304533
304539
304556
304571
304575
304585
304587
304592
304593
304595
304598
304602
304604
304609
304619
304623
304626
304628
304629
304631
304634
304639
304641
304646
304657
304658
304662
304667
304673
304681
304684
304685
304686
304689
304693
304695
304697
304699
304702
304722
304733
304739
304745
304750
304753
304755
304759
304777
304779
304789
304794
304798
304805
304806
304808
304816
304829
304833
304836
304842
304843
304846
304848
304854
304855
304858
304860
304862
304867
304869
304872
304875
304876
304884
304888
304893
304894
304897
304898
304899
304900
304904
304906
304907
304913
304915
304917
304921
304927
304929
304933
304935
304943
304944
304945
304959
304965
304971
304972
304978
304984
304992
304993
305001
305003
305005
305007
305017
305018
305025
305026
305028
305030
305032
305035
305040
305044
305045
305048
305052
305054
305055
305058
305062
305063
305078
305080
305084
305085
305088
305092
305114
305124
305126
305131
305136
305145
305148
305149
305150
305151
305154
305165
305166
305169
305177
305180
305181
305185
305198
305202
305210
305222
305226
305234
305239
305241
305244
305258
305259
305262
305267
305275
305279
305281
305296
305301
305306
305312
305313
305316
305328
305329
305331
305335
305339
305345
305348
305351
305369
305372
305385
305386
305387
305391
305398
305401
305402
305404
305420
305426
305431
305432
305434
305437
305439
305443
305449
305453
305456
305467
305472
305478
305482
305490
305498
305504
305505
305507
305510
305514
305516
305519
305521
305525
305527
305528
305552
305555
305562
305564
305566
305567
305592
305593
305598
305602
305604
305605
305622
305625
305637
305643
305646
305650
305652
305658
305662
305670
305673
305675
305676
305684
305690
305696
305704
305705
305706
305708
305712
305720
305725
305730
305731
305744
305749
305752
305762
305764
305768
305770
305771
305786
305792
305796
305798
305800
305807
305814
305817
305825
305850
305855
305858
305863
305869
305871
305878
305880
305883
305900
305901
305904
305905
305912
305915
305917
305939
305943
305950
305951
305954
305959
305964
305971
305977
305980
305986
305993
305999
306001
306003
306006
306011
306013
306015
306016
306019
306025
306027
306030
306031
306034
306040
306044
306047
306049
306054
306055
306056
306061
306062
306064
306065
306070
306076
306077
306080
306087
306097
306098
306102
306105
306106
306108
306111
306120
306121
306125
306129
306130
306134
306139
306144
306145
306151
306158
306160
306168
306169
306176
306181
306189
306196
306197
306201
306204
306214
306220
306223
306241
306249
306251
306253
306261
306268
306275
306284
306296
306297
306301
306303
306304
306310
306312
306316
306319
306325
306327
306330
306339
306346
306351
306361
306364
306366
306371
306376
306379
306384
306387
306392
306395
306409
306414
306419
306428
306431
306443
306444
306445
306447
306452
306458
306462
306474
306480
306484
306489
306495
306516
306525
306528
306531
306535
306537
306538
306545
306548
306549
306554
306560
306566
306579
306581
306585
306588
306592
306593
306594
306597
306600
306601
306609
306614
306629
306633
306643
306648
306654
306656
306664
306665
306672
306674
306677
306683
306687
306690
306691
306693
306696
306698
306701
306706
306712
306721
306727
306728
306735
306740
306748
306751
306753
306755
306757
306761
306768
306776
306783
306789
306790
306794
306797
306802
306807
306808
306811
306815
306821
306822
306826
306828
306843
306844
306851
306855
306856
306860
306865
306866
306873
306877
306884
306888
306891
306893
306894
306900
306904
306905
306910
306911
306918
306921
306933
306937
306947
306963
306967
306978
306984
306989
306992
306996
307001
307002
307007
307011
307018
307019
307020
307023
307032
307039
307044
307051
307057
307060
307063
307076
307085
307087
307103
307105
307106
307117
307120
307131
307138
307146
307147
307167
307183
307190
307191
307197
307198
307199
307200
307205
307210
307213
307216
307217
307218
307230
307235
307236
307239
307240
307244
307255
307256
307257
307258
307259
307262
307272
307275
307279
307293
307297
307304
307309
307312
307315
307323
307333
307337
307341
307343
307344
307345
307348
307350
307352
307353
307358
307359
307361
307377
307378
307380
307381
307382
307385
307386
307392
307400
307404
307406
307429
307430
307442
307445
307452
307453
307473
307475
307479
307480
307488
307511
307519
307520
307528
307529
307531
307539
307551
307553
307554
307561
307568
307575
307584
307585
307591
307598
307613
307624
307628
307629
307637
307651
307654
307655
307658
307659
307664
307665
307669
307672
307675
307678
307681
307682
307683
307691
307698
307699
307703
307730
307732
307738
307740
307746
307763
307765
307772
307775
307776
307780
307788
307790
307800
307801
307807
307818
307827
307829
307830
307831
307837
307842
307845
307847
307857
307863
307867
307869
307871
307873
307875
307880
307890
307904
307909
307916
307925
307934
307940
307942
307944
307955
307960
307963
307972
307989
307994
307995
307997
307998
308002
308013
308026
308028
308029
308048
308057
308061
308062
308064
308071
308075
308080
308082
308085
308086
308093
308094
308100
308109
308110
308124
308126
308128
308130
308131
308135
308139
308143
308145
308157
308161
308165
308167
308172
308178
308183
308186
308187
308188
308189
308194
308199
308209
308211
308225
308231
308232
308236
308237
308239
308244
308264
308269
308275
308277
308280
308287
308289
308290
308291
308296
308308
308313
308315
308316
308318
308329
308331
308336
308339
308345
308352
308360
308361
308369
308370
308384
308385
308388
308393
308407
308409
308410
308416
308417
308419
308423
308425
308428
308431
308432
308433
308434
308436
308438
308439
308444
308445
308446
308453
308461
308467
308468
308469
308476
308484
308485
308487
308489
308490
308493
308499
308503
308504
308505
308506
308510
308515
308518
308519
308521
308525
308528
308529
308531
308536
308542
308548
308551
308553
308555
308567
308572
308575
308578
308585
308586
308587
308593
308596
308601
308610
308615
308620
308623
308630
308632
308637
308642
308643
308651
308656
308660
308664
308678
308680
308681
308687
308693
308702
308703
308709
308717
308724
308726
308731
308734
308736
308740
308741
308748
308749
308755
308757
308758
308765
308769
308773
308776
308786
308788
308789
308794
308796
308800
308803
308805
308811
308827
308830
308832
308834
308839
308841
308843
308844
308850
308851
308852
308858
308864
308872
308874
308878
308879
308883
308884
308885
308888
308890
308892
308895
308896
308900
308917
308925
308926
308927
308931
308942
308943
308955
308956
308966
308973
308974
308982
308988
308996
309000
309009
309011
309013
309017
309021
309027
309033
309042
309044
309046
309050
309059
309065
309076
309077
309080
309081
309092
309097
309099
309101
309107
309108
309113
309115
309118
309119
309128
309133
309135
309145
309146
309151
309162
309166
309168
309172
309174
309178
309190
309194
309202
309215
309220
309224
309225
309232
309233
309234
309241
309242
309248
309251
309255
309259
309263
309266
309268
309269
309270
309277
309283
309292
309297
309300
309305
309306
309330
309332
309334
309335
309339
309342
309351
309359
309360
309368
309370
309379
309385
309387
309388
309393
309405
309408
309411
309413
309415
309423
309432
309434
309438
309447
309451
309458
309465
309471
309490
309498
309500
309503
309505
309512
309516
309519
309522
309525
309529
309534
309546
309552
309561
309563
309564
309571
309574
309577
309584
309585
309587
309597
309612
309617
309619
309621
309622
309626
309632
309637
309638
309639
309650
309656
309659
309668
309672
309688
309703
309705
309706
309710
309712
309716
309717
309723
309726
309727
309738
309742
309744
309747
309755
309760
309766
309773
309790
309796
309806
309809
309820
309821
309823
309826
309831
309833
309836
309837
309843
309847
309849
309850
309852
309854
309862
309865
309874
309878
309879
309885
309886
309887
309888
309901
309902
309908
309909
309911
309925
309938
309939
309946
309948
309958
309973
309974
309981
309982
309994
309997
309998
309999
310003
310005
310006
310039
310041
310042
310049
310055
310056
310058
310061
310069
310074
310076
310083
310088
310093
310096
310103
310104
310105
310106
310110
310117
310120
310122
310129
310138
310141
310149
310154
310156
310157
310159
310160
310161
310171
310174
310177
310180
310182
310195
310198
310202
310212
310213
310222
310224
310227
310230
310234
310237
310239
310246
310256
310257
310259
310264
310279
310283
310285
310288
310297
310300
310301
310304
310307
310308
310315
310316
310326
310327
310328
310341
310347
310350
310351
310359
310372
310377
310382
310383
310388
310398
310405
310408
310412
310419
310426
310431
310435
310436
310446
310448
310454
310461
310467
310468
310473
310478
310486
310490
310506
310512
310514
310515
310520
310522
310531
310532
310533
310537
310539
310544
310546
310552
310554
310559
310563
310567
310575
310582
310587
310589
310592
310604
310611
310614
310615
310616
310619
310631
310632
310635
310640
310643
310644
310651
310661
310662
310663
310666
310674
310675
310676
310677
310681
310684
310688
310705
310706
310707
310710
310713
310715
310716
310719
310726
310729
310732
310733
310737
310751
310752
310756
310763
310766
310771
310773
310774
310782
310787
310795
310798
310802
310807
310808
310813
310822
310823
310827
310834
310836
310838
310839
310842
310846
310847
310850
310852
310853
310856
310857
310861
310862
310863
310871
310872
310873
310879
310889
310891
310895
310903
310906
310907
310928
310930
310931
310932
310934
310941
310948
310952
310953
310954
310960
310962
310967
310969
310972
310983
310985
310986
310993
310994
310996
310999
311014
311015
311031
311048
311050
311061
311063
311069
311070
311071
311073
311075
311088
311091
311095
311101
311106
311108
311110
311121
311125
311128
311129
311130
311131
311133
311135
311145
311147
311148
311149
311153
311160
311166
311169
311170
311173
311176
311182
311183
311185
311190
311193
311194
311195
311201
311202
311203
311205
311206
311208
311210
311212
311215
311217
311219
311222
311225
311227
311230
311233
311239
311240
311254
311255
311267
311279
311284
311292
311295
311304
311309
311312
311313
311329
311336
311337
311347
311351
311352
311353
311359
311366
311369
311375
311376
311384
311385
311388
311389
311392
311398
311406
311409
311410
311414
311420
311423
311429
311432
311434
311449
311451
311452
311461
311468
311472
311476
311486
311491
311493
311497
311499
311502
311504
311512
311515
311526
311528
311529
311531
311535
311543
311545
311557
311571
311588
311592
311593
311600
311602
311604
311605
311612
311621
311624
311625
311627
311628
311631
311635
311636
311638
311639
311651
311653
311661
311670
311684
311687
311688
311693
311698
311713
311728
311729
311731
311732
311734
311736
311744
311756
311757
311763
311768
311769
311771
311772
311779
311780
311782
311783
311787
311792
311806
311811
311817
311818
311822
311823
311825
311830
311834
311837
311842
311857
311861
311866
311874
311880
311891
311896
311906
311909
311910
311916
311921
311923
311925
311926
311931
311940
311954
311957
311962
311965
311967
311968
311975
311978
311986
311988
311989
311992
311998
312000
312002
312006
312007
312008
312014
312016
312017
312021
312033
312037
312039
312041
312047
312052
312060
312064
312066
312068
312070
312079
312082
312100
312103
312104
312106
312107
312109
312111
312113
312117
312133
312144
312145
312152
312157
312161
312163
312167
312176
312178
312186
312188
312201
312210
312211
312213
312226
312232
312235
312237
312243
312245
312248
312249
312252
312253
312256
312262
312274
312277
312280
312302
312304
312307
312308
312313
312314
312320
312324
312328
312330
312345
312349
312351
312361
312366
312367
312372
312374
312386
312394
312397
312399
312401
312404
312418
312422
312423
312424
312426
312430
312437
312439
312443
312450
312453
312459
312466
312473
312475
312480
312482
312487
312499
312505
312506
312509
312511
312516
312517
312524
312526
312534
312537
312538
312539
312540
312542
312546
312555
312569
312575
312578
312579
312583
312585
312586
312588
312595
312597
312598
312599
312603
312630
312636
312645
312647
312648
312651
312652
312658
312659
312660
312675
312679
312681
312685
312688
312691
312693
312699
312720
312721
312734
312739
312740
312741
312745
312753
312758
312762
312767
312771
312780
312788
312790
312795
312800
312803
312805
312806
312808
312811
312816
312826
312831
312833
312834
312839
312840
312849
312850
312856
312875
312877
312879
312880
312881
312884
312887
312888
312890
312892
312895
312898
312899
312903
312909
312917
312927
312948
312950
312953
312955
312961
312966
312974
312992
312995
312996
313014
313021
313026
313031
313032
313038
313056
313059
313062
313064
313066
313067
313069
313070
313084
313091
313093
313100
313102
313127
313142
313155
313158
313159
313161
313162
313171
313188
313191
313193
313196
313198
313199
313201
313204
313215
313225
313226
313229
313231
313233
313234
313235
313245
313248
313250
313252
313254
313260
313270
313274
313275
313277
313278
313280
313282
313283
313286
313292
313293
313303
313304
313305
313306
313308
313321
313323
313324
313334
313336
313339
313341
313345
313350
313351
313358
313371
313372
313380
313381
313382
313388
313391
313400
313401
313402
313405
313412
313425
313433
313434
313437
313438
313443
313448
313453
313457
313458
313462
313463
313467
313473
313478
313481
313482
313483
313490
313492
313497
313500
313506
313510
313518
313520
313525
313526
313528
313542
313554
313558
313577
313585
313587
313588
313591
313596
313600
313602
313605
313611
313618
313622
313624
313626
313632
313639
313643
313645
313646
313647
313648
313658
313662
313665
313687
313689
313690
313691
313695
313703
313705
313712
313716
313720
313724
313730
313733
313743
313745
313754
313755
313759
313768
313770
313779
313780
313781
313782
313786
313788
313795
313798
313811
313812
313815
313820
313824
313827
313833
313839
313840
313847
313863
313864
313868
313874
313878
313880
313881
313883
313885
313889
313892
313899
313904
313910
313915
313917
313922
313923
313924
313929
313932
313951
313955
313959
313961
313978
313984
313985
313993
313996
313999
314002
314004
314005
314006
314009
314012
314014
314016
314038
314041
314045
314046
314049
314055
314058
314061
314066
314067
314071
314081
314091
314092
314098
314101
314102
314105
314111
314116
314121
314123
314136
314140
314141
314146
314150
314152
314163
314165
314169
314171
314173
314175
314183
314184
314185
314186
314191
314196
314205
314206
314210
314214
314215
314229
314233
314234
314237
314240
314244
314247
314248
314250
314251
314256
314257
314261
314262
314263
314266
314267
314269
314271
314274
314275
314279
314281
314291
314295
314296
314301
314302
314304
314310
314312
314314
314320
314332
314335
314336
314337
314343
314350
314352
314353
314354
314356
314359
314362
314367
314370
314371
314372
314373
314379
314386
314387
314388
314389
314397
314398
314399
314402
314404
314405
314409
314417
314420
314429
314430
314433
314438
314443
314445
314446
314453
314463
314464
314465
314481
314484
314488
314493
314496
314498
314500
314532
314540
314550
314553
314558
314562
314563
314565
314569
314572
314577
314581
314582
314583
314589
314591
314603
314604
314614
314615
314618
314619
314626
314635
314641
314647
314648
314649
314650
314657
314658
314661
314664
314675
314688
314695
314701
314709
314721
314723
314726
314733
314734
314737
314740
314748
314761
314763
314764
314765
314771
314779
314787
314789
314800
314803
314813
314814
314816
314829
314830
314833
314837
314848
314859
314863
314870
314884
314902
314904
314906
314911
314929
314936
314939
314946
314963
314974
314982
314988
314997
315012
315013
315015
315021
315023
315026
315033
315034
315047
315049
315058
315071
315072
315080
315081
315082
315085
315087
315091
315093
315097
315102
315103
315112
315116
315117
315119
315121
315127
315128
315140
315143
315144
315151
315160
315161
315164
315174
315182
315187
315198
315208
315209
315214
315219
315221
315222
315250
315253
315259
315264
315265
315266
315268
315281
315295
315302
315303
315307
315311
315312
315319
315324
315330
315331
315335
315342
315346
315349
315352
315357
315367
315372
315373
315378
315381
315383
315388
315390
315398
315399
315401
315406
315408
315414
315416
315424
315431
315433
315441
315444
315446
315447
315448
315450
315456
315459
315463
315476
315479
315482
315489
315490
315495
315499
315508
315509
315514
315515
315520
315526
315527
315531
315532
315533
315538
315540
315545
315548
315554
315555
315563
315566
315570
315586
315596
315598
315601
315608
315609
315618
315619
315626
315638
315640
315646
315654
315655
315658
315669
315670
315679
315680
315682
315684
315685
315687
315691
315692
315698
315700
315704
315712
315716
315718
315720
315722
315731
315734
315740
315748
315750
315752
315758
315763
315768
315772
315775
315779
315780
315788
315789
315791
315794
315795
315807
315809
315812
315817
315821
315822
315825
315826
315837
315838
315842
315847
315854
315862
315864
315866
315871
315875
315878
315879
315880
315885
315902
315904
315909
315914
315916
315919
315921
315927
315934
315936
315938
315939
315940
315943
315947
315955
315960
315961
315962
315971
315972
315974
315976
315981
315989
315991
315992
315996
316003
316007
316014
316018
316022
316036
316041
316045
316047
316054
316057
316074
316078
316082
316085
316087
316096
316103
316115
316124
316125
316127
316137
316163
316166
316172
316173
316177
316181
316185
316193
316197
316198
316199
316204
316212
316218
316219
316223
316225
316233
316236
316241
316250
316251
316257
316258
316261
316268
316271
316276
316278
316303
316307
316308
316311
316328
316336
316345
316346
316354
316355
316363
316366
316371
316381
316385
316396
316397
316398
316400
316402
316403
316406
316414
316415
316418
316419
316432
316438
316443
316444
316453
316473
316476
316478
316488
316492
316494
316499
316503
316510
316513
316519
316524
316525
316529
316532
316539
316545
316551
316566
316569
316571
316581
316594
316596
316600
316602
316607
316616
316624
316625
316627
316628
316629
316631
316632
316638
316640
316656
316658
316664
316665
316677
316679
316688
316690
316696
316697
316702
316704
316705
316706
316708
316709
316711
316718
316722
316724
316730
316732
316744
316748
316749
316751
316763
316764
316768
316771
316774
316775
316781
316789
316790
316800
316808
316811
316814
316815
316819
316822
316825
316827
316830
316837
316839
316841
316850
316855
316857
316872
316880
316885
316893
316896
316905
316910
316915
316917
316918
316932
316933
316935
316936
316937
316941
316943
316957
316966
316971
316973
316975
316977
316983
316985
316998
317004
317019
317021
317033
317034
317036
317045
317052
317053
317063
317064
317068
317070
317073
317080
317086
317089
317093
317094
317103
317106
317120
317123
317126
317127
317128
317132
317136
317137
317143
317148
317149
317151
317152
317157
317159
317163
317164
317179
317183
317184
317189
317192
317194
317202
317216
317230
317234
317237
317244
317245
317246
317252
317253
317258
317259
317260
317268
317276
317284
317286
317287
317289
317302
317308
317314
317315
317341
317348
317349
317357
317362
317364
317365
317368
317378
317381
317383
317390
317394
317399
317405
317415
317420
317430
317431
317435
317436
317437
317438
317442
317444
317446
317449
317451
317465
317466
317474
317475
317483
317484
317486
317504
317512
317518
317521
317523
317524
317527
317536
317540
317546
317549
317551
317553
317556
317558
317569
317570
317573
317574
317576
317584
317586
317587
317588
317590
317598
317600
317601
317605
317606
317622
317624
317630
317632
317634
317635
317641
317644
317653
317658
317667
317674
317680
317684
317691
317695
317702
317704
317708
317709
317712
317718
317719
317724
317736
317745
317748
317753
317755
317756
317771
317779
317780
317785
317787
317793
317799
317805
317817
317819
317824
317825
317827
317828
317835
317851
317855
317861
317862
317867
317877
317880
317882
317884
317886
317887
317892
317895
317897
317904
317914
317915
317918
317920
317926
317930
317931
317936
317939
317944
317961
317988
317990
317996
318003
318014
318019
318020
318021
318024
318029
318031
318034
318035
318046
318050
318054
318057
318059
318068
318073
318083
318085
318086
318093
318097
318099
318103
318122
318124
318129
318131
318142
318143
318145
318151
318154
318155
318162
318168
318173
318175
318176
318177
318181
318185
318187
318188
318190
318196
318199
318209
318215
318224
318227
318231
318232
318235
318236
318237
318238
318239
318243
318248
318249
318256
318261
318267
318274
318284
318285
318287
318293
318294
318302
318311
318312
318315
318321
318335
318351
318371
318382
318408
318411
318426
318432
318434
318441
318446
318472
318476
318483
318495
318505
318508
318511
318515
318519
318520
318522
318526
318532
318533
318547
318551
318555
318560
318561
318564
318573
318575
318582
318583
318589
318590
318592
318593
318601
318604
318607
318611
318613
318618
318622
318623
318624
318625
318628
318633
318639
318641
318644
318648
318649
318668
318669
318683
318689
318692
318693
318694
318696
318699
318700
318706
318724
318726
318727
318733
318736
318743
318745
318750
318751
318753
318754
318756
318761
318763
318771
318772
318778
318784
318788
318797
318799
318802
318804
318806
318809
318815
318817
318821
318824
318825
318826
318833
318836
318851
318854
318861
318862
318868
318870
318872
318880
318884
318904
318909
318910
318918
318919
318927
318936
318938
318946
318948
318965
318968
318970
318971
318978
318979
318982
318985
318989
318996
319010
319022
319029
319032
319035
319040
319043
319046
319049
319054
319059
319060
319061
319067
319068
319071
319084
319085
319092
319097
319099
319101
319102
319103
319106
319107
319108
319116
319120
319132
319136
319152
319168
319173
319180
319182
319186
319193
319195
319196
319199
319203
319214
319217
319231
319238
319242
319248
319252
319261
319266
319272
319274
319275
319276
319279
319288
319289
319308
319311
319316
319319
319322
319342
319349
319353
319356
319361
319363
319365
319383
319385
319390
319392
319395
319397
319401
319404
319411
319429
319434
319435
319436
319437
319450
319455
319461
319465
319469
319470
319487
319492
319494
319500
319502
319509
319514
319519
319524
319527
319531
319537
319539
319545
319548
319549
319552
319554
319562
319566
319567
319568
319572
319575
319577
319582
319604
319609
319610
319614
319615
319625
319627
319629
319636
319643
319647
319648
319653
319654
319666
319670
319683
319695
319700
319703
319706
319708
319713
319715
319722
319734
319737
319740
319741
319746
319748
319750
319762
319769
319773
319777
319778
319782
319787
319792
319795
319797
319798
319802
319806
319808
319811
319818
319823
319826
319834
319841
319847
319851
319864
319882
319884
319889
319896
319902
319906
319908
319910
319912
319914
319926
319929
319930
319937
319944
319950
319957
319965
319968
319969
319970
319975
319979
319981
319985
319987
319998
319999
320007
320014
320029
320033
320044
320052
320061
320068
320080
320083
320084
320089
320091
320092
320094
320108
320116
320119
320125
320130
320134
320136
320138
320144
320147
320161
320162
320166
320168
320170
320173
320176
320187
320194
320205
320210
320212
320213
320214
320219
320223
320233
320250
320251
320260
320267
320269
320270
320277
320283
320289
320300
320301
320307
320309
320317
320322
320323
320331
320344
320347
320348
320357
320360
320363
320371
320377
320380
320383
320390
320398
320401
320403
320405
320408
320421
320423
320424
320427
320428
320430
320437
320442
320443
320453
320461
320462
320465
320468
320469
320471
320475
320477
320483
320498
320499
320506
320512
320513
320517
320525
320527
320529
320532
320535
320537
320553
320555
320563
320569
320570
320575
320583
320584
320585
320587
320588
320589
320593
320597
320601
320605
320608
320613
320616
320626
320628
320629
320630
320631
320638
320649
320658
320660
320670
320671
320678
320680
320681
320682
320684
320691
320699
320715
320720
320725
320731
320735
320739
320740
320743
320750
320753
320757
320761
320762
320767
320768
320770
320771
320773
320774
320776
320777
320784
320785
320786
320789
320790
320795
320809
320811
320825
320827
320831
320835
320843
320848
320853
320868
320873
320875
320880
320884
320885
320888
320905
320908
320910
320911
320914
320917
320931
320934
320946
320947
320953
320954
320956
320959
320965
320968
320974
320982
320991
320993
320997
320999
321003
321005
321013
321014
321028
321031
321032
321038
321043
321058
321062
321066
321072
321076
321077
321079
321080
321081
321098
321115
321119
321123
321125
321129
321132
321133
321134
321147
321156
321159
321161
321165
321167
321174
321177
321183
321192
321198
321199
321201
321205
321216
321220
321227
321236
321237
321242
321244
321245
321246
321253
321254
321265
321268
321275
321287
321289
321292
321295
321296
321305
321307
321312
321314
321318
321319
321322
321329
321341
321342
321343
321348
321349
321352
321358
321360
321361
321366
321368
321369
321370
321378
321384
321392
321393
321394
321399
321401
321409
321414
321419
321422
321425
321429
321431
321434
321437
321445
321448
321450
321452
321457
321459
321465
321468
321475
321479
321480
321481
321482
321489
321490
321492
321497
321498
321502
321506
321507
321513
321527
321535
321539
321541
321554
321563
321564
321567
321572
321580
321582
321583
321586
321587
321588
321595
321605
321617
321623
321624
321632
321640
321645
321654
321660
321668
321670
321675
321676
321684
321688
321689
321695
321697
321700
321702
321709
321710
321712
321718
321720
321721
321733
321734
321735
321740
321741
321742
321746
321755
321756
321757
321761
321768
321782
321787
321790
321792
321793
321794
321807
321814
321820
321823
321825
321829
321834
321835
321836
321838
321859
321869
321870
321871
321882
321889
321899
321909
321910
321914
321915
321917
321920
321922
321927
321931
321933
321935
321937
321938
321940
321942
321948
321949
321950
321953
321954
321957
321971
321977
321982
321983
321990
321994
322000
322006
322012
322016
322018
322020
322021
322022
322027
322029
322034
322037
322044
322052
322053
322055
322065
322068
322070
322074
322088
322102
322104
322106
322107
322108
322111
322122
322131
322132
322141
322144
322145
322146
322153
322154
322155
322162
322163
322169
322172
322181
322184
322192
322193
322203
322207
322219
322222
322223
322230
322237
322246
322249
322250
322253
322258
322260
322262
322267
322270
322271
322272
322276
322284
322291
322298
322302
322315
322317
322320
322324
322327
322328
322329
322333
322347
322348
322354
322363
322377
322378
322381
322386
322389
322395
322398
322399
322404
322409
322417
322423
322427
322429
322433
322437
322445
322446
322459
322460
322464
322466
322470
322472
322474
322476
322482
322488
322492
322496
322497
322502
322511
322518
322525
322526
322527
322531
322533
322536
322546
322552
322556
322557
322562
322581
322584
322591
322600
322602
322611
322615
322618
322620
322623
322637
322642
322646
322649
322652
322656
322658
322671
322677
322678
322680
322682
322690
322691
322703
322704
322721
322724
322741
322766
322768
322775
322777
322778
322780
322782
322788
322794
322799
322800
322802
322813
322821
322823
322824
322848
322852
322857
322862
322865
322868
322873
322878
322882
322885
322897
322904
322914
322917
322920
322945
322946
322949
322954
322957
322959
322963
322967
322969
322970
322972
322977
322986
322989
322990
322994
322998
323000
323007
323011
323017
323024
323030
323032
323033
323035
323036
323043
323044
323046
323047
323051
323058
323070
323076
323077
323079
323082
323086
323091
323099
323100
323102
323103
323106
323112
323113
323114
323121
323124
323131
323138
323145
323149
323152
323156
323158
323161
323163
323164
323165
323171
323175
323189
323202
323209
323211
323213
323214
323219
323228
323238
323239
323257
323261
323269
323274
323281
323287
323291
323301
323308
323314
323327
323332
323333
323343
323346
323348
323350
323357
323360
323362
323381
323383
323389
323390
323391
323398
323403
323409
323413
323418
323420
323431
323432
323434
323437
323439
323441
323447
323448
323451
323465
323467
323469
323471
323472
323475
323483
323487
323496
323514
323521
323522
323527
323529
323532
323544
323545
323548
323549
323563
323567
323571
323575
323576
323581
323582
323584
323603
323613
323615
323616
323621
323625
323635
323637
323638
323639
323644
323645
323647
323651
323652
323657
323663
323665
323667
323668
323669
323679
323682
323686
323689
323692
323705
323707
323710
323718
323719
323723
323737
323746
323773
323778
323785
323786
323787
323789
323790
323791
323792
323803
323819
323823
323825
323831
323833
323835
323839
323840
323846
323848
323851
323853
323854
323857
323860
323863
323870
323872
323877
323884
323893
323894
323895
323901
323902
323904
323922
323923
323924
323925
323927
323930
323950
323952
323955
323960
323961
323964
323965
323969
323970
323971
323972
323981
323983
323987
323988
323992
323995
323998
323999
324001
324007
324017
324022
324030
324032
324039
324043
324051
324055
324056
324057
324059
324063
324067
324068
324070
324071
324072
324075
324087
324091
324094
324096
324097
324102
324103
324112
324116
324122
324124
324125
324127
324130
324134
324142
324151
324156
324169
324178
324187
324193
324196
324203
324206
324213
324219
324227
324232
324234
324247
324250
324255
324256
324261
324264
324265
324270
324271
324278
324286
324296
324301
324302
324307
324309
324310
324323
324325
324328
324339
324342
324344
324345
324346
324351
324354
324357
324359
324361
324367
324370
324371
324372
324381
324393
324394
324395
324405
324410
324418
324422
324424
324434
324444
324453
324464
324467
324468
324470
324479
324484
324490
324494
324495
324498
324501
324514
324517
324518
324525
324539
324541
324543
324553
324555
324565
324568
324570
324575
324586
324592
324596
324598
324602
324604
324605
324611
324620
324624
324630
324633
324635
324640
324644
324645
324666
324673
324675
324677
324685
324689
324690
324701
324702
324717
324725
324730
324735
324738
324740
324741
324748
324749
324751
324757
324766
324768
324769
324777
324783
324784
324786
324798
324802
324803
324804
324806
324810
324813
324814
324821
324823
324826
324838
324842
324865
324873
324882
324883
324886
324889
324893
324898
324899
324901
324902
324903
324906
324911
324912
324914
324915
324925
324930
324933
324942
324943
324950
324952
324960
324961
324970
324973
324977
324979
324980
324985
324986
324995
324997
325005
325018
325021
325024
325025
325026
325033
325035
325038
325040
325042
325043
325051
325052
325054
325060
325067
325074
325075
325077
325083
325086
325093
325095
325096
325104
325109
325110
325114
325118
325120
325132
325136
325138
325148
325150
325151
325152
325154
325165
325166
325172
325173
325174
325177
325179
325181
325185
325186
325197
325199
325208
325209
325212
325217
325230
325231
325237
325238
325246
325263
325280
325290
325295
325298
325299
325307
325323
325325
325327
325334
325338
325339
325342
325357
325375
325376
325389
325399
325404
325409
325413
325414
325422
325433
325435
325436
325437
325438
325439
325441
325447
325453
325454
325456
325467
325468
325477
325478
325480
325486
325490
325499
325504
325511
325525
325528
325531
325534
325537
325550
325552
325556
325560
325562
325563
325578
325580
325594
325598
325603
325604
325608
325612
325614
325615
325626
325642
325645
325647
325649
325650
325651
325654
325664
325674
325679
325684
325689
325693
325703
325723
325724
325727
325728
325729
325737
325738
325742
325743
325745
325746
325754
325762
325766
325768
325771
325773
325775
325778
325783
325784
325786
325791
325796
325799
325800
325804
325810
325815
325816
325819
325821
325831
325836
325837
325840
325841
325845
325848
325851
325856
325864
325865
325872
325886
325896
325898
325900
325910
325916
325917
325919
325924
325932
325933
325935
325936
325938
325939
325942
325953
325954
325958
325964
325965
325970
325975
325981
325984
325985
325988
325998
326001
326002
326005
326006
326010
326019
326020
326028
326038
326052
326062
326069
326071
326073
326074
326077
326078
326087
326093
326101
326106
326107
326108
326109
326110
326118
326119
326139
326145
326148
326152
326153
326162
326184
326197
326198
326200
326207
326208
326209
326212
326214
326221
326228
326230
326236
326237
326241
326257
326260
326288
326294
326295
326300
326304
326308
326314
326317
326323
326330
326332
326333
326336
326339
326340
326342
326351
326353
326354
326357
326360
326361
326372
326387
326392
326395
326400
326407
326409
326415
326421
326422
326426
326431
326440
326455
326457
326458
326462
326465
326467
326474
326475
326485
326493
326504
326512
326513
326521
326525
326534
326536
326538
326539
326540
326541
326545
326554
326558
326559
326563
326568
326574
326576
326580
326582
326584
326585
326586
326599
326606
326614
326620
326621
326626
326634
326639
326654
326655
326656
326661
326662
326670
326671
326673
326675
326679
326682
326683
326691
326698
326706
326707
326709
326710
326711
326712
326714
326719
326720
326722
326725
326731
326732
326735
326736
326740
326744
326751
326760
326762
326767
326773
326780
326786
326788
326803
326805
326810
326812
326816
326819
326828
326830
326833
326836
326839
326841
326844
326845
326847
326853
326860
326863
326870
326871
326880
326896
326897
326899
326919
326920
326921
326932
326933
326934
326939
326947
326948
326955
326956
326961
326966
326972
326973
326987
326992
326996
326998
327003
327006
327008
327016
327034
327047
327050
327052
327055
327060
327066
327068
327069
327074
327078
327081
327096
327103
327104
327105
327107
327118
327124
327133
327135
327136
327138
327143
327152
327156
327157
327159
327161
327163
327164
327167
327172
327173
327174
327176
327187
327189
327194
327205
327217
327220
327228
327230
327237
327238
327240
327241
327244
327247
327266
327273
327279
327283
327285
327289
327303
327310
327311
327312
327314
327321
327331
327334
327349
327350
327351
327353
327358
327359
327360
327372
327381
327392
327400
327402
327403
327405
327412
327415
327426
327430
327462
327463
327465
327467
327475
327479
327481
327485
327489
327495
327498
327505
327509
327515
327530
327533
327540
327546
327554
327563
327571
327580
327588
327594
327601
327610
327615
327622
327626
327642
327652
327653
327656
327658
327662
327683
327685
327689
327693
327695
327704
327706
327710
327712
327713
327716
327726
327728
327740
327743
327749
327761
327762
327764
327766
327770
327772
327773
327774
327782
327786
327789
327793
327795
327796
327803
327813
327815
327826
327828
327838
327839
327846
327847
327849
327860
327862
327866
327870
327872
327876
327878
327879
327880
327884
327893
327901
327905
327907
327909
327912
327918
327926
327934
327937
327944
327951
327960
327965
327966
327968
327979
327980
327982
327984
327996
328002
328007
328008
328010
328012
328025
328030
328034
328035
328040
328044
328053
328059
328064
328068
328072
328074
328087
328093
328107
328109
328113
328120
328121
328122
328123
328125
328129
328134
328143
328147
328150
328159
328163
328165
328167
328169
328177
328178
328183
328185
328186
328208
328213
328219
328221
328222
328225
328231
328242
328254
328255
328258
328260
328282
328283
328288
328289
328291
328294
328295
328301
328302
328304
328307
328315
328330
328335
328338
328340
328341
328342
328352
328356
328357
328386
328395
328397
328404
328409
328416
328433
328449
328450
328456
328458
328461
328463
328464
328465
328468
328469
328473
328474
328477
328478
328482
328495
328507
328512
328516
328520
328523
328527
328534
328538
328541
328542
328545
328555
328559
328560
328562
328586
328587
328590
328596
328605
328608
328609
328613
328621
328629
328630
328631
328632
328635
328636
328637
328639
328640
328648
328656
328658
328663
328666
328667
328670
328672
328681
328685
328689
328703
328710
328722
328725
328727
328729
328733
328734
328740
328746
328747
328749
328750
328752
328754
328756
328757
328758
328760
328763
328768
328770
328773
328780
328785
328790
328791
328796
328799
328800
328812
328814
328823
328827
328833
328835
328838
328845
328867
328868
328871
328876
328877
328879
328881
328887
328888
328891
328892
328894
328899
328902
328903
328906
328909
328912
328913
328914
328916
328922
328929
328936
328937
328941
328955
328958
328967
328968
328969
328977
328982
328984
328987
328990
328996
329001
329007
329009
329014
329015
329024
329025
329028
329029
329031
329039
329041
329045
329047
329051
329056
329072
329086
329094
329095
329100
329101
329108
329115
329118
329119
329125
329130
329132
329145
329152
329153
329157
329171
329177
329184
329196
329201
329203
329204
329209
329219
329233
329242
329244
329257
329260
329262
329271
329275
329281
329283
329285
329288
329291
329294
329297
329311
329316
329332
329334
329338
329343
329348
329356
329359
329370
329371
329372
329374
329375
329388
329391
329392
329401
329404
329405
329406
329411
329412
329415
329421
329429
329430
329438
329444
329447
329450
329453
329471
329475
329489
329490
329499
329500
329501
329503
329509
329510
329511
329512
329513
329517
329526
329531
329534
329549
329559
329561
329562
329564
329572
329574
329580
329581
329586
329588
329589
329593
329596
329597
329606
329607
329608
329620
329624
329628
329629
329635
329642
329643
329647
329652
329658
329663
329664
329683
329688
329695
329710
329711
329724
329726
329742
329747
329758
329764
329768
329779
329788
329797
329802
329804
329814
329817
329823
329827
329833
329841
329842
329844
329870
329871
329877
329880
329881
329885
329891
329894
329902
329905
329907
329910
329919
329921
329924
329935
329936
329937
329942
329945
329948
329949
329950
329952
329953
329954
329975
329977
329978
329990
329991
329992
329993
329994
329996
330006
330008
330014
330016
330018
330019
330026
330027
330028
330035
330038
330043
330044
330045
330052
330058
330059
330060
330069
330070
330072
330084
330085
330086
330091
330109
330113
330114
330119
330126
330129
330136
330140
330144
330160
330164
330168
330170
330171
330173
330184
330186
330188
330201
330203
330205
330208
330209
330210
330220
330221
330227
330242
330246
330249
330256
330258
330264
330266
330271
330273
330279
330280
330281
330282
330285
330288
330293
330294
330295
330297
330299
330304
330305
330310
330322
330325
330327
330329
330334
330337
330340
330342
330352
330358
330371
330375
330377
330385
330387
330388
330395
330397
330400
330408
330413
330414
330415
330430
330436
330451
330475
330483
330484
330486
330487
330489
330491
330492
330503
330506
330512
330516
330532
330535
330537
330541
330543
330545
330549
330551
330568
330569
330573
330574
330579
330589
330599
330610
330612
330619
330623
330627
330637
330645
330647
330664
330665
330672
330673
330675
330678
330684
330685
330686
330688
330690
330696
330700
330705
330708
330712
330717
330725
330728
330744
330746
330747
330749
330755
330758
330760
330762
330765
330770
330771
330782
330785
330793
330796
330798
330799
330802
330808
330810
330813
330815
330816
330818
330819
330824
330826
330833
330834
330837
330838
330839
330841
330845
330850
330870
330875
330878
330888
330899
330904
330905
330916
330924
330939
330942
330951
330960
330961
330963
330966
330968
330976
330980
330993
330994
330995
330996
330998
331008
331015
331016
331017
331019
331039
331047
331051
331060
331061
331062
331064
331069
331073
331076
331077
331078
331087
331091
331094
331097
331103
331104
331119
331123
331125
331130
331137
331143
331147
331151
331152
331155
331156
331158
331172
331175
331177
331179
331183
331186
331187
331198
331205
331207
331219
331220
331227
331230
331231
331238
331242
331245
331246
331251
331256
331258
331262
331267
331269
331274
331280
331282
331301
331305
331308
331310
331319
331322
331325
331327
331329
331331
331336
331337
331340
331343
331345
331351
331356
331361
331367
331369
331371
331372
331377
331381
331389
331391
331392
331395
331399
331402
331412
331416
331426
331428
331430
331432
331433
331435
331445
331458
331480
331482
331483
331486
331492
331493
331494
331495
331496
331508
331509
331513
331514
331515
331523
331531
331535
331536
331548
331549
331552
331560
331563
331571
331576
331578
331583
331587
331603
331604
331608
331618
331620
331628
331631
331637
331638
331641
331645
331646
331647
331653
331656
331664
331666
331667
331672
331681
331682
331691
331693
331695
331696
331697
331699
331708
331713
331714
331717
331721
331723
331725
331730
331731
331732
331735
331739
331743
331745
331748
331752
331756
331766
331767
331770
331777
331779
331782
331785
331791
331792
331798
331802
331804
331807
331812
331815
331821
331822
331823
331827
331837
331839
331846
331851
331855
331862
331870
331871
331875
331888
331892
331894
331897
331898
331910
331923
331927
331929
331933
331934
331939
331944
331945
331948
331951
331959
331963
331976
331977
331981
331991
331992
331995
331999
332010
332015
332018
332020
332023
332025
332026
332028
332033
332044
332048
332050
332051
332058
332062
332073
332089
332091
332092
332096
332100
332105
332124
332125
332131
332144
332173
332180
332191
332206
332220
332221
332227
332236
332244
332246
332247
332248
332255
332256
332261
332264
332265
332267
332269
332271
332276
332279
332280
332288
332296
332298
332306
332307
332311
332313
332314
332324
332326
332327
332328
332356
332361
332362
332364
332366
332370
332378
332381
332383
332386
332397
332400
332406
332413
332417
332420
332421
332423
332428
332436
332439
332442
332444
332445
332449
332456
332461
332464
332474
332480
332484
332487
332490
332493
332494
332498
332503
332504
332506
332512
332515
332520
332524
332528
332531
332533
332538
332539
332542
332545
332547
332548
332555
332557
332570
332571
332575
332581
332601
332604
332607
332609
332611
332615
332622
332643
332646
332647
332648
332659
332665
332671
332676
332678
332685
332696
332703
332719
332721
332726
332727
332738
332739
332741
332742
332745
332749
332752
332771
332772
332778
332780
332800
332802
332803
332804
332811
332812
332815
332818
332820
332822
332829
332843
332848
332850
332855
332856
332863
332871
332876
332881
332882
332883
332893
332895
332899
332902
332907
332911
332918
332923
332926
332929
332930
332935
332937
332942
332948
332951
332959
332960
332961
332966
332970
332976
332980
332983
332994
332996
333000
333001
333006
333011
333012
333018
333021
333030
333038
333042
333044
333047
333049
333050
333056
333059
333060
333065
333066
333071
333073
333076
333077
333082
333083
333088
333089
333092
333094
333095
333105
333106
333140
333142
333143
333155
333159
333162
333164
333176
333177
333187
333189
333191
333194
333196
333203
333205
333207
333211
333214
333215
333216
333217
333219
333224
333233
333238
333248
333250
333257
333262
333263
333265
333266
333268
333269
333273
333274
333276
333285
333286
333293
333300
333314
333316
333317
333322
333324
333326
333328
333338
333339
333342
333351
333352
333365
333367
333369
333373
333379
333402
333403
333404
333405
333408
333410
333412
333416
333421
333423
333426
333428
333431
333432
333438
333453
333454
333461
333462
333465
333470
333479
333488
333489
333503
333507
333510
333515
333519
333523
333524
333526
333541
333542
333554
333556
333557
333563
333568
333573
333575
333579
333580
333583
333586
333597
333601
333602
333611
333615
333617
333619
333626
333631
333632
333637
333641
333647
333649
333651
333658
333664
333665
333669
333670
333677
333686
333689
333692
333694
333696
333703
333708
333711
333713
333719
333724
333726
333728
333729
333731
333747
333751
333752
333759
333764
333768
333769
333770
333771
333774
333776
333780
333782
333785
333792
333797
333798
333799
333806
333819
333821
333823
333824
333829
333832
333843
333847
333848
333850
333862
333866
333868
333870
333875
333881
333887
333890
333894
333898
333908
333916
333920
333921
333923
333924
333928
333941
333956
333962
333969
333973
333977
333988
334000
334006
334013
334017
334019
334020
334025
334027
334034
334045
334062
334064
334068
334069
334072
334079
334089
334105
334110
334112
334116
334118
334119
334120
334124
334127
334136
334145
334155
334159
334160
334161
334162
334167
334175
334176
334179
334180
334181
334182
334187
334188
334196
334197
334204
334209
334213
334216
334217
334219
334221
334225
334228
334231
334241
334246
334247
334253
334263
334274
334284
334286
334289
334298
334303
334308
334309
334312
334314
334315
334317
334318
334337
334339
334347
334354
334363
334367
334372
334376
334377
334383
334385
334392
334400
334409
334412
334425
334429
334437
334442
334444
334446
334447
334449
334455
334456
334458
334465
334469
334472
334473
334478
334483
334486
334490
334497
334498
334501
334502
334506
334509
334515
334518
334523
334524
334527
334530
334538
334541
334548
334549
334552
334553
334556
334557
334563
334570
334578
334579
334580
334587
334588
334590
334602
334603
334613
334616
334619
334628
334633
334639
334652
334653
334657
334679
334685
334696
334704
334705
334711
334713
334722
334723
334724
334728
334729
334735
334736
334742
334750
334754
334755
334760
334761
334767
334770
334775
334779
334793
334806
334812
334813
334814
334816
334818
334827
334829
334835
334838
334843
334844
334847
334849
334857
334862
334863
334865
334870
334872
334882
334890
334894
334895
334900
334911
334929
334932
334933
334938
334946
334947
334957
334961
334964
334978
334979
334981
334986
334990
334992
334997
335006
335011
335012
335017
335034
335036
335041
335046
335049
335059
335062
335070
335072
335076
335078
335088
335093
335096
335101
335103
335110
335111
335114
335116
335119
335121
335122
335129
335147
335151
335156
335166
335180
335183
335185
335186
335189
335198
335201
335213
335222
335234
335238
335239
335243
335247
335253
335259
335261
335268
335273
335278
335281
335301
335303
335306
335308
335313
335316
335317
335320
335321
335327
335329
335354
335358
335375
335377
335383
335384
335388
335393
335394
335398
335403
335405
335408
335411
335416
335417
335418
335422
335426
335427
335432
335433
335435
335442
335444
335447
335460
335461
335464
335467
335474
335478
335484
335489
335490
335494
335508
335510
335511
335512
335514
335517
335520
335528
335531
335533
335536
335540
335541
335556
335567
335572
335573
335575
335578
335585
335602
335607
335608
335618
335621
335648
335649
335651
335658
335680
335708
335709
335712
335715
335716
335722
335726
335735
335752
335756
335763
335765
335771
335779
335784
335787
335790
335799
335807
335819
335820
335826
335830
335831
335833
335835
335836
335839
335841
335852
335855
335860
335870
335871
335893
335896
335897
335899
335900
335903
335904
335905
335914
335918
335920
335921
335925
335927
335930
335934
335936
335939
335944
335946
335948
335949
335950
335953
335967
335973
335980
335983
335988
335992
335995
336002
336006
336011
336016
336022
336029
336030
336033
336035
336039
336043
336046
336049
336059
336061
336072
336083
336088
336092
336099
336100
336106
336110
336114
336123
336125
336128
336137
336139
336140
336142
336149
336150
336153
336159
336169
336170
336171
336175
336178
336191
336194
336196
336199
336204
336206
336211
336217
336218
336220
336221
336223
336224
336225
336230
336245
336251
336255
336257
336260
336263
336270
336271
336274
336278
336282
336285
336286
336290
336296
336299
336300
336301
336306
336312
336320
336321
336322
336324
336326
336330
336331
336335
336336
336339
336340
336343
336347
336353
336358
336365
336367
336372
336403
336409
336415
336423
336424
336426
336430
336432
336443
336448
336449
336456
336459
336464
336467
336469
336472
336474
336478
336482
336490
336494
336499
336500
336504
336509
336517
336519
336523
336535
336539
336541
336543
336549
336551
336561
336566
336570
336573
336583
336609
336611
336614
336615
336624
336638
336643
336647
336650
336656
336659
336666
336669
336681
336684
336685
336686
336689
336695
336698
336707
336710
336712
336713
336722
336725
336726
336727
336728
336731
336736
336749
336750
336754
336763
336767
336770
336771
336773
336775
336778
336781
336782
336783
336786
336788
336802
336807
336818
336819
336820
336835
336838
336848
336866
336869
336881
336892
336894
336895
336900
336901
336905
336907
336908
336909
336920
336922
336927
336938
336942
336945
336946
336949
336962
336963
336966
336971
336972
336981
336982
336985
336992
336995
336996
337008
337012
337016
337017
337020
337029
337033
337040
337042
337043
337048
337049
337050
337053
337054
337055
337058
337062
337068
337069
337085
337086
337088
337094
337096
337099
337108
337110
337111
337119
337120
337125
337136
337139
337141
337150
337158
337159
337162
337164
337171
337172
337192
337205
337207
337212
337218
337220
337223
337224
337227
337235
337250
337256
337267
337276
337277
337278
337280
337283
337290
337297
337300
337301
337302
337309
337310
337311
337322
337324
337325
337331
337339
337350
337370
337371
337372
337375
337379
337383
337385
337391
337397
337411
337412
337421
337425
337428
337438
337441
337451
337453
337466
337467
337484
337495
337496
337497
337503
337506
337508
337515
337527
337529
337530
337536
337537
337543
337544
337552
337556
337564
337573
337581
337585
337587
337599
337608
337609
337611
337616
337618
337621
337625
337628
337639
337640
337646
337653
337657
337661
337662
337663
337665
337669
337676
337679
337683
337684
337701
337714
337724
337725
337727
337728
337730
337732
337733
337735
337736
337738
337739
337741
337744
337749
337750
337754
337755
337758
337765
337771
337774
337777
337779
337782
337784
337791
337797
337805
337806
337807
337811
337815
337816
337818
337819
337826
337828
337829
337835
337846
337848
337849
337850
337867
337872
337874
337877
337885
337891
337899
337900
337903
337906
337909
337912
337923
337926
337940
337943
337944
337948
337953
337960
337964
337973
337976
337977
337978
337983
337985
337986
337991
337994
337996
337998
338001
338006
338017
338018
338019
338020
338025
338031
338046
338053
338054
338055
338066
338072
338073
338074
338079
338082
338089
338090
338095
338096
338097
338102
338116
338126
338129
338130
338141
338144
338152
338162
338167
338170
338171
338173
338192
338195
338196
338207
338208
338213
338216
338218
338219
338222
338232
338243
338245
338253
338267
338270
338284
338288
338291
338295
338311
338312
338328
338332
338333
338337
338356
338361
338372
338374
338377
338389
338395
338401
338405
338408
338409
338420
338430
338433
338434
338443
338444
338451
338458
338461
338462
338467
338468
338476
338477
338483
338487
338495
338496
338506
338516
338517
338523
338526
338536
338544
338546
338547
338556
338560
338561
338566
338568
338572
338575
338580
338591
338594
338599
338606
338608
338610
338616
338619
338621
338627
338628
338629
338632
338635
338644
338657
338659
338665
338675
338677
338679
338680
338697
338701
338703
338708
338713
338715
338716
338717
338730
338731
338739
338746
338749
338754
338756
338757
338763
338767
338770
338773
338775
338779
338788
338789
338791
338801
338812
338816
338822
338827
338830
338832
338833
338844
338845
338846
338850
338864
338868
338874
338876
338877
338878
338886
338887
338890
338891
338892
338893
338894
338898
338903
338904
338905
338908
338910
338914
338920
338927
338930
338937
338951
338958
338961
338964
338968
338978
338979
338980
338986
338987
338989
338992
338995
338999
339000
339013
339016
339019
339025
339029
339030
339037
339044
339045
339047
339052
339059
339060
339061
339081
339087
339092
339093
339095
339101
339103
339106
339115
339118
339121
339127
339128
339137
339138
339139
339141
339144
339152
339157
339161
339163
339173
339174
339181
339187
339189
339195
339196
339198
339201
339203
339206
339208
339212
339218
339228
339231
339243
339244
339249
339257
339263
339270
339272
339283
339284
339287
339293
339295
339299
339306
339308
339313
339314
339315
339320
339323
339324
339328
339329
339330
339332
339338
339339
339342
339343
339344
339349
339360
339362
339363
339370
339375
339380
339384
339392
339393
339395
339398
339399
339400
339404
339406
339415
339416
339418
339419
339422
339423
339432
339434
339440
339442
339445
339458
339463
339469
339470
339478
339483
339484
339486
339487
339494
339497
339501
339502
339508
339516
339522
339525
339526
339536
339539
339542
339548
339550
339558
339564
339567
339568
339571
339578
339579
339580
339581
339583
339591
339596
339598
339601
339612
339615
339618
339619
339626
339634
339644
339650
339655
339657
339668
339669
339675
339685
339688
339689
339694
339705
339707
339709
339710
339714
339715
339720
339728
339730
339732
339736
339739
339744
339755
339756
339759
339760
339775
339777
339782
339784
339786
339793
339795
339797
339808
339819
339825
339827
339828
339831
339833
339842
339846
339849
339856
339871
339872
339888
339898
339901
339906
339917
339924
339926
339927
339931
339934
339942
339947
339948
339951
339955
339962
339963
339964
339967
339986
339990
339991
339995
339997
340000
340004
340005
340007
340012
340013
340021
340032
340037
340043
340046
340047
340048
340066
340069
340071
340075
340087
340090
340093
340098
340100
340102
340105
340108
340114
340115
340125
340126
340127
340129
340141
340142
340143
340145
340149
340160
340162
340163
340166
340170
340172
340174
340177
340180
340188
340191
340192
340193
340199
340206
340234
340236
340242
340248
340275
340301
340310
340311
340320
340323
340326
340327
340332
340335
340337
340340
340342
340347
340353
340355
340362
340369
340370
340372
340377
340379
340390
340394
340403
340407
340408
340411
340420
340421
340422
340430
340434
340435
340441
340450
340453
340456
340459
340460
340463
340464
340473
340476
340477
340481
340497
340501
340516
340526
340532
340539
340548
340552
340555
340556
340557
340563
340578
340580
340589
340593
340604
340615
340616
340618
340626
340632
340633
340645
340648
340651
340661
340662
340666
340669
340673
340679
340681
340685
340688
340698
340709
340712
340714
340735
340737
340739
340740
340747
340749
340750
340756
340760
340768
340772
340774
340778
340779
340783
340798
340805
340806
340810
340816
340819
340831
340832
340841
340851
340859
340866
340869
340874
340875
340878
340888
340890
340892
340904
340917
340918
340926
340940
340944
340946
340949
340956
340959
340962
340965
340967
340973
340976
340982
340985
340986
340987
340988
340991
340997
341004
341005
341006
341011
341014
341020
341021
341026
341027
341031
341034
341035
341055
341063
341067
341072
341074
341078
341080
341087
341091
341095
341103
341104
341105
341107
341119
341121
341124
341129
341132
341137
341140
341154
341158
341162
341168
341169
341173
341175
341180
341182
341187
341192
341195
341196
341200
341208
341210
341212
341214
341217
341229
341230
341239
341245
341252
341262
341267
341275
341278
341283
341291
341300
341312
341313
341331
341333
341339
341345
341347
341348
341360
341377
341384
341385
341388
341393
341396
341404
341420
341422
341426
341430
341440
341444
341464
341469
341472
341481
341493
341494
341495
341504
341507
341508
341510
341513
341519
341520
341521
341523
341524
341525
341527
341529
341533
341535
341537
341539
341546
341549
341552
341554
341558
341559
341560
341563
341566
341567
341584
341585
341587
341593
341595
341603
341605
341606
341607
341610
341615
341621
341624
341627
341633
341636
341637
341638
341641
341643
341645
341649
341651
341654
341655
341658
341662
341664
341665
341670
341675
341676
341677
341680
341681
341682
341689
341694
341702
341703
341704
341705
341717
341724
341736
341748
341750
341757
341762
341763
341767
341772
341775
341776
341777
341778
341779
341784
341791
341803
341811
341814
341824
341834
341841
341849
341850
341851
341854
341861
341863
341864
341866
341872
341873
341874
341875
341883
341898
341899
341903
341906
341913
341918
341919
341920
341922
341932
341933
341934
341936
341937
341938
341940
341943
341946
341953
341954
341962
341964
341966
341969
341972
341974
341979
341983
341985
341990
341993
341998
341999
342000
342001
342011
342014
342015
342016
342021
342027
342034
342037
342041
342047
342051
342058
342065
342070
342074
342077
342081
342085
342089
342094
342099
342100
342107
342108
342114
342116
342118
342119
342120
342129
342134
342136
342138
342151
342155
342159
342163
342165
342176
342182
342184
342186
342198
342199
342202
342211
342215
342220
342222
342223
342237
342239
342242
342243
342253
342255
342259
342265
342267
342271
342277
342289
342301
342308
342315
342316
342319
342322
342323
342327
342328
342330
342335
342343
342344
342348
342358
342359
342365
342369
342373
342374
342380
342381
342384
342387
342388
342393
342399
342402
342407
342412
342417
342421
342428
342430
342438
342445
342450
342454
342455
342474
342482
342486
342492
342504
342508
342513
342517
342518
342520
342524
342537
342538
342541
342544
342550
342552
342554
342559
342562
342567
342571
342574
342575
342577
342589
342594
342597
342604
342605
342608
342611
342614
342620
342623
342627
342633
342636
342639
342643
342644
342648
342650
342655
342672
342676
342679
342692
342704
342706
342708
342709
342720
342721
342723
342728
342732
342737
342740
342742
342744
342749
342750
342753
342754
342756
342759
342774
342780
342783
342786
342787
342795
342806
342812
342815
342822
342827
342828
342829
342847
342848
342850
342854
342856
342863
342865
342875
342885
342888
342891
342896
342900
342911
342915
342916
342919
342927
342928
342931
342936
342940
342947
342953
342954
342960
342964
342973
342978
342980
342993
342994
342995
343002
343003
343006
343008
343026
343027
343030
343042
343043
343044
343049
343053
343055
343060
343068
343072
343076
343078
343079
343081
343087
343090
343092
343103
343106
343108
343113
343117
343125
343130
343137
343141
343142
343149
343157
343159
343161
343168
343170
343171
343179
343182
343188
343189
343199
343200
343207
343209
343219
343221
343223
343227
343230
343245
343253
343258
343264
343267
343269
343270
343282
343283
343293
343302
343304
343314
343316
343321
343322
343327
343334
343335
343337
343340
343341
343356
343359
343365
343370
343381
343390
343393
343394
343395
343402
343406
343418
343426
343429
343430
343439
343440
343442
343443
343444
343452
343457
343468
343470
343473
343475
343476
343480
343490
343512
343518
343526
343527
343531
343534
343542
343551
343554
343559
343563
343567
343568
343570
343576
343582
343589
343596
343601
343619
343621
343624
343626
343628
343630
343631
343632
343646
343647
343650
343651
343662
343663
343673
343675
343682
343687
343690
343704
343717
343719
343721
343726
343733
343734
343740
343742
343750
343751
343752
343753
343759
343765
343766
343768
343771
343791
343802
343828
343836
343837
343838
343848
343850
343854
343855
343859
343863
343865
343872
343878
343880
343882
343883
343885
343887
343897
343902
343903
343906
343911
343916
343919
343920
343927
343930
343932
343935
343956
343959
343963
343977
343980
343995
343997
344006
344007
344019
344020
344022
344029
344033
344041
344043
344048
344053
344055
344057
344058
344060
344061
344064
344067
344070
344076
344081
344082
344087
344088
344097
344114
344116
344119
344129
344137
344148
344153
344165
344170
344176
344177
344180
344187
344189
344201
344206
344210
344215
344221
344223
344224
344225
344226
344227
344233
344241
344243
344248
344255
344256
344259
344264
344270
344273
344281
344285
344286
344296
344299
344301
344303
344306
344317
344325
344329
344336
344346
344349
344350
344353
344357
344358
344364
344365
344367
344369
344370
344375
344376
344379
344392
344401
344408
344414
344432
344438
344439
344443
344445
344456
344459
344461
344467
344474
344476
344477
344487
344488
344489
344494
344495
344496
344498
344509
344518
344519
344520
344522
344524
344534
344536
344537
344540
344542
344547
344551
344556
344558
344561
344563
344565
344574
344579
344582
344586
344587
344588
344612
344624
344626
344633
344635
344636
344642
344651
344654
344655
344661
344662
344664
344666
344667
344671
344673
344674
344687
344692
344695
344702
344714
344718
344724
344725
344729
344731
344732
344738
344742
344747
344748
344749
344754
344763
344769
344770
344772
344798
344799
344802
344804
344811
344813
344817
344821
344831
344837
344840
344841
344843
344845
344860
344861
344866
344877
344879
344887
344889
344897
344901
344904
344914
344918
344921
344925
344928
344932
344938
344946
344951
344976
344991
344992
344997
345000
345002
345003
345005
345017
345019
345020
345025
345028
345031
345042
345043
345044
345046
345055
345062
345076
345078
345080
345085
345096
345098
345100
345101
345102
345115
345116
345130
345134
345140
345152
345153
345170
345173
345176
345179
345182
345183
345194
345198
345200
345207
345208
345210
345223
345229
345230
345232
345234
345237
345244
345245
345250
345264
345265
345272
345280
345290
345292
345297
345299
345301
345303
345312
345318
345328
345338
345339
345346
345363
345365
345367
345368
345383
345396
345401
345406
345407
345409
345410
345412
345413
345421
345425
345428
345430
345432
345435
345437
345444
345448
345451
345467
345470
345471
345472
345476
345478
345484
345491
345500
345504
345510
345516
345518
345519
345523
345532
345536
345538
345541
345549
345552
345555
345561
345571
345573
345574
345575
345584
345596
345613
345616
345617
345620
345625
345626
345631
345636
345637
345639
345644
345651
345654
345655
345659
345664
345666
345667
345668
345671
345675
345681
345689
345697
345698
345705
345713
345715
345717
345718
345723
345725
345729
345731
345733
345734
345746
345748
345760
345770
345771
345773
345774
345781
345788
345791
345795
345800
345804
345808
345816
345820
345825
345833
345839
345840
345857
345860
345861
345862
345875
345878
345880
345881
345884
345891
345905
345913
345924
345927
345935
345937
345939
345946
345955
345959
345961
345962
345965
345966
345968
345972
345973
345974
345977
345979
345982
345989
345991
345992
345994
345996
345997
346001
346005
346015
346017
346028
346033
346034
346039
346042
346051
346059
346061
346066
346068
346070
346071
346076
346078
346081
346082
346083
346088
346089
346091
346093
346094
346096
346099
346101
346102
346103
346105
346107
346114
346118
346123
346133
346134
346143
346149
346151
346154
346160
346161
346165
346174
346179
346181
346183
346192
346195
346218
346219
346222
346223
346230
346236
346237
346240
346241
346243
346257
346260
346262
346271
346275
346287
346290
346291
346300
346302
346303
346306
346308
346309
346310
346311
346315
346316
346324
346330
346331
346342
346343
346347
346357
346358
346363
346370
346371
346378
346379
346380
346381
346385
346387
346389
346390
346392
346397
346399
346400
346405
346407
346408
346416
346423
346425
346431
346432
346437
346440
346442
346445
346446
346449
346450
346463
346465
346478
346481
346483
346489
346498
346499
346513
346521
346524
346530
346534
346535
346538
346541
346551
346554
346567
346569
346570
346571
346575
346580
346587
346596
346597
346599
346601
346603
346612
346622
346623
346633
346639
346641
346643
346647
346652
346657
346663
346664
346665
346668
346669
346670
346679
346680
346681
346682
346694
346696
346697
346706
346712
346716
346723
346728
346742
346753
346756
346760
346761
346763
346767
346771
346772
346774
346778
346796
346799
346806
346807
346812
346814
346825
346838
346842
346851
346852
346854
346858
346863
346873
346877
346878
346884
346887
346888
346891
346894
346898
346899
346905
346908
346911
346912
346926
346932
346942
346947
346949
346956
346957
346958
346960
346962
346964
346973
346984
346985
346989
346991
346993
346994
346999
347003
347008
347013
347014
347015
347022
347028
347031
347034
347045
347047
347048
347050
347055
347059
347060
347061
347062
347069
347070
347072
347078
347080
347086
347091
347092
347094
347104
347105
347109
347115
347118
347122
347125
347126
347127
347132
347133
347140
347147
347151
347157
347159
347163
347174
347178
347180
347184
347186
347189
347190
347191
347201
347204
347205
347207
347210
347215
347227
347230
347231
347233
347234
347242
347247
347252
347253
347254
347262
347263
347270
347283
347286
347287
347291
347298
347302
347308
347318
347320
347326
347329
347331
347333
347334
347339
347340
347344
347345
347346
347349
347350
347352
347357
347358
347360
347361
347369
347372
347373
347378
347382
347386
347388
347389
347396
347398
347403
347406
347408
347411
347420
347421
347427
347433
347435
347436
347453
347469
347470
347471
347476
347477
347479
347481
347483
347485
347487
347488
347489
347494
347496
347500
347505
347518
347526
347530
347531
347534
347537
347540
347548
347553
347566
347573
347577
347580
347585
347590
347593
347594
347595
347597
347603
347610
347611
347628
347635
347637
347641
347643
347656
347657
347658
347660
347664
347665
347667
347668
347673
347674
347678
347679
347684
347688
347705
347711
347714
347716
347722
347724
347725
347732
347736
347737
347747
347749
347760
347768
347770
347772
347775
347777
347786
347790
347793
347797
347798
347799
347800
347801
347802
347810
347819
347820
347824
347829
347835
347838
347839
347842
347846
347848
347852
347859
347862
347863
347866
347868
347874
347880
347881
347885
347886
347890
347897
347900
347909
347911
347916
347919
347927
347929
347930
347934
347935
347937
347938
347951
347964
347970
347971
347975
347977
347980
347983
347984
347993
347994
347997
347999
348014
348017
348021
348027
348028
348031
348041
348044
348049
348058
348062
348074
348084
348103
348107
348109
348111
348112
348117
348122
348132
348139
348144
348147
348167
348170
348171
348173
348176
348179
348184
348186
348190
348192
348197
348212
348215
348216
348223
348225
348227
348245
348254
348255
348261
348264
348272
348274
348277
348281
348284
348288
348289
348290
348301
348303
348306
348309
348313
348314
348323
348326
348327
348333
348334
348349
348352
348357
348362
348364
348366
348369
348372
348373
348375
348384
348385
348388
348394
348396
348399
348400
348409
348413
348415
348422
348423
348436
348437
348441
348444
348449
348453
348454
348460
348473
348477
348482
348484
348485
348487
348488
348489
348497
348500
348501
348506
348518
348523
348524
348526
348535
348540
348543
348551
348555
348560
348562
348572
348575
348576
348580
348582
348586
348588
348592
348595
348600
348605
348607
348609
348614
348616
348623
348624
348629
348635
348640
348644
348657
348660
348661
348672
348673
348680
348682
348689
348690
348691
348715
348718
348720
348726
348734
348739
348748
348761
348768
348770
348771
348772
348775
348780
348783
348785
348788
348799
348802
348804
348805
348812
348814
348820
348822
348829
348831
348836
348840
348849
348851
348861
348862
348888
348889
348891
348898
348899
348901
348903
348905
348923
348924
348925
348928
348931
348937
348938
348939
348943
348948
348949
348950
348951
348952
348954
348958
348962
348967
348975
348986
348987
348990
348993
349006
349012
349017
349024
349028
349030
349033
349035
349042
349049
349058
349059
349060
349061
349069
349072
349074
349075
349079
349081
349085
349091
349095
349102
349107
349111
349113
349120
349127
349132
349135
349139
349147
349157
349166
349170
349186
349197
349204
349205
349210
349213
349214
349217
349224
349226
349229
349235
349253
349254
349275
349281
349287
349294
349296
349302
349306
349311
349315
349320
349324
349330
349334
349336
349337
349338
349344
349349
349350
349352
349357
349360
349362
349372
349373
349374
349377
349382
349385
349386
349401
349408
349411
349417
349418
349429
349444
349447
349448
349460
349462
349464
349467
349473
349479
349481
349482
349490
349491
349494
349496
349497
349499
349513
349514
349521
349534
349536
349541
349548
349580
349583
349584
349585
349588
349602
349607
349609
349610
349615
349619
349622
349623
349626
349629
349630
349638
349641
349644
349663
349664
349668
349675
349678
349680
349681
349685
349686
349692
349700
349702
349712
349715
349717
349719
349725
349727
349728
349730
349742
349749
349751
349767
349768
349778
349784
349788
349790
349794
349798
349803
349808
349810
349822
349829
349833
349836
349846
349847
349850
349852
349854
349868
349877
349879
349888
349896
349903
349917
349923
349924
349929
349931
349933
349935
349936
349942
349946
349949
349952
349957
349958
349962
349968
349970
349974
349977
349981
349987
350002
350007
350009
350010
350015
350018
350024
350033
350038
350039
350046
350054
350056
350063
350066
350067
350089
350103
350104
350113
350121
350124
350125
350126
350128
350129
350131
350140
350141
350143
350151
350162
350165
350175
350177
350183
350184
350192
350193
350206
350207
350209
350218
350227
350236
350243
350251
350252
350258
350259
350261
350262
350271
350272
350286
350295
350296
350300
350301
350302
350310
350311
350315
350316
350318
350319
350321
350322
350324
350328
350332
350336
350346
350352
350353
350358
350359
350368
350369
350381
350385
350391
350399
350400
350404
350420
350422
350427
350428
350440
350442
350445
350449
350454
350455
350460
350463
350467
350472
350486
350487
350490
350497
350501
350502
350504
350506
350507
350515
350521
350526
350536
350537
350543
350545
350547
350560
350564
350566
350568
350571
350585
350589
350590
350594
350600
350601
350602
350604
350609
350611
350616
350618
350623
350633
350642
350647
350660
350674
350675
350680
350681
350682
350706
350713
350718
350724
350725
350726
350733
350736
350750
350761
350764
350766
350776
350781
350791
350794
350797
350798
350800
350802
350806
350812
350815
350816
350822
350827
350829
350836
350837
350841
350843
350849
350859
350861
350865
350870
350876
350879
350881
350891
350895
350900
350902
350904
350905
350906
350916
350920
350926
350930
350933
350934
350943
350946
350961
350963
350975
350984
350986
350993
350994
350995
350998
350999
351001
351010
351011
351017
351019
351023
351026
351027
351028
351030
351032
351036
351038
351041
351043
351058
351064
351078
351079
351099
351101
351104
351110
351114
351123
351125
351130
351132
351133
351139
351144
351146
351149
351159
351163
351171
351175
351187
351191
351204
351209
351219
351223
351226
351227
351229
351249
351250
351254
351259
351262
351267
351268
351272
351274
351288
351289
351296
351300
351302
351304
351310
351315
351316
351326
351333
351336
351339
351342
351350
351352
351353
351355
351370
351371
351377
351398
351401
351410
351413
351414
351419
351423
351424
351427
351428
351429
351432
351437
351438
351441
351446
351457
351458
351459
351464
351470
351473
351476
351477
351481
351483
351485
351490
351495
351504
351507
351509
351510
351513
351514
351520
351524
351526
351530
351538
351540
351541
351543
351550
351553
351556
351557
351558
351559
351565
351567
351568
351571
351583
351586
351595
351602
351608
351612
351619
351620
351622
351623
351633
351635
351648
351652
351655
351660
351672
351673
351675
351684
351725
351728
351731
351735
351742
351750
351751
351756
351763
351777
351789
351790
351797
351798
351802
351808
351829
351836
351837
351842
351843
351846
351850
351857
351859
351861
351864
351868
351874
351882
351885
351891
351892
351897
351899
351902
351906
351908
351912
351914
351919
351928
351930
351931
351934
351935
351946
351949
351950
351959
351961
351970
351981
351983
351984
351987
351992
352003
352007
352016
352017
352019
352023
352026
352027
352033
352036
352037
352044
352046
352048
352060
352063
352066
352067
352075
352077
352078
352079
352083
352098
352101
352102
352107
352113
352116
352118
352121
352123
352128
352132
352140
352142
352147
352151
352162
352163
352174
352185
352186
352194
352197
352202
352208
352209
352213
352215
352219
352221
352236
352237
352239
352240
352249
352252
352253
352280
352287
352298
352299
352301
352304
352305
352306
352317
352326
352327
352335
352338
352339
352340
352350
352353
352354
352356
352359
352363
352369
352370
352376
352378
352390
352392
352407
352417
352418
352419
352420
352421
352424
352427
352430
352434
352437
352440
352445
352446
352459
352460
352461
352462
352463
352468
352470
352475
352480
352487
352488
352491
352492
352498
352500
352512
352529
352545
352548
352549
352557
352558
352561
352562
352563
352571
352573
352575
352578
352579
352588
352593
352605
352607
352610
352612
352621
352623
352625
352626
352631
352632
352644
352649
352658
352659
352661
352666
352671
352674
352679
352685
352693
352696
352700
352708
352713
352715
352717
352718
352721
352723
352724
352725
352726
352732
352746
352749
352753
352771
352777
352779
352781
352785
352786
352788
352793
352794
352796
352797
352798
352801
352802
352808
352814
352816
352819
352823
352828
352830
352832
352842
352843
352846
352848
352856
352858
352886
352887
352889
352905
352906
352913
352916
352917
352920
352929
352937
352947
352948
352957
352959
352960
352964
352965
352967
352979
352985
352987
352988
352994
352999
353001
353002
353008
353013
353014
353028
353030
353049
353051
353053
353067
353070
353072
353083
353085
353091
353100
353101
353102
353108
353110
353140
353146
353147
353149
353157
353159
353162
353167
353173
353175
353177
353179
353181
353187
353193
353195
353200
353201
353203
353204
353212
353228
353239
353249
353267
353288
353292
353294
353296
353302
353305
353311
353312
353313
353314
353315
353320
353325
353326
353327
353328
353330
353333
353347
353359
353364
353367
353368
353369
353372
353383
353395
353397
353402
353411
353417
353420
353428
353432
353435
353437
353439
353440
353456
353478
353482
353483
353489
353497
353498
353501
353502
353503
353504
353514
353515
353534
353539
353541
353542
353551
353552
353554
353556
353559
353561
353567
353570
353574
353587
353588
353601
353605
353607
353608
353611
353615
353617
353619
353621
353630
353631
353633
353639
353645
353651
353654
353656
353657
353659
353666
353668
353675
353676
353684
353688
353694
353696
353702
353722
353737
353738
353739
353753
353755
353766
353779
353780
353797
353808
353811
353813
353816
353818
353820
353835
353841
353844
353849
353853
353856
353862
353866
353877
353881
353883
353884
353885
353886
353908
353918
353920
353928
353929
353932
353933
353936
353944
353948
353950
353951
353952
353958
353964
353970
353971
353979
353986
353989
353990
353999
354000
354002
354009
354013
354026
354028
354029
354030
354038
354045
354050
354054
354072
354073
354074
354085
354093
354098
354100
354103
354108
354126
354131
354137
354143
354146
354148
354149
354153
354157
354163
354170
354178
354182
354185
354189
354190
354197
354201
354205
354210
354216
354222
354235
354236
354247
354248
354249
354252
354259
354261
354262
354268
354274
354280
354285
354287
354291
354296
354300
354302
354322
354325
354326
354329
354331
354334
354340
354343
354353
354357
354379
354386
354396
354397
354398
354399
354402
354403
354412
354413
354415
354418
354421
354422
354424
354427
354433
354439
354440
354441
354447
354451
354458
354464
354467
354479
354482
354490
354493
354496
354498
354501
354503
354507
354515
354522
354524
354526
354528
354538
354541
354542
354547
354548
354550
354552
354554
354569
354575
354578
354596
354597
354598
354599
354608
354610
354611
354614
354630
354632
354633
354640
354644
354645
354652
354653
354657
354658
354669
354670
354675
354676
354689
354696
354698
354708
354712
354713
354714
354717
354720
354721
354724
354731
354733
354737
354748
354751
354754
354755
354760
354761
354766
354769
354778
354782
354784
354788
354794
354795
354802
354816
354817
354822
354824
354826
354827
354828
354831
354843
354846
354848
354849
354856
354859
354867
354872
354873
354875
354882
354883
354890
354891
354895
354897
354898
354903
354919
354920
354921
354922
354924
354929
354933
354938
354939
354942
354945
354949
354956
354957
354958
354968
354969
354981
354990
354993
354995
354998
355002
355007
355015
355025
355028
355029
355033
355040
355043
355045
355046
355047
355048
355049
355056
355067
355070
355073
355076
355078
355080
355082
355086
355089
355090
355097
355100
355108
355118
355126
355133
355134
355136
355139
355140
355142
355143
355145
355146
355148
355152
355163
355168
355177
355180
355183
355186
355191
355199
355212
355214
355216
355219
355221
355222
355224
355228
355230
355231
355234
355237
355240
355241
355257
355261
355262
355263
355272
355282
355286
355290
355292
355293
355296
355302
355308
355319
355322
355326
355331
355333
355334
355340
355351
355356
355359
355366
355375
355376
355380
355382
355396
355399
355400
355405
355408
355432
355433
355435
355442
355444
355455
355458
355460
355468
355491
355498
355500
355501
355514
355517
355518
355529
355536
355542
355543
355545
355547
355548
355553
355558
355559
355561
355571
355576
355577
355580
355581
355587
355592
355596
355598
355601
355610
355612
355616
355620
355635
355639
355644
355649
355654
355656
355659
355660
355661
355663
355664
355665
355668
355670
355672
355685
355687
355693
355700
355701
355707
355713
355714
355716
355720
355727
355733
355739
355747
355755
355762
355769
355776
355777
355795
355801
355802
355804
355808
355810
355817
355818
355819
355820
355825
355826
355830
355833
355834
355839
355844
355850
355853
355858
355862
355864
355876
355882
355895
355900
355905
355910
355915
355930
355939
355945
355958
355962
355965
355968
355974
355979
355981
355984
355993
356007
356014
356015
356017
356023
356024
356031
356033
356038
356041
356050
356051
356056
356061
356074
356076
356089
356093
356098
356101
356102
356103
356106
356107
356110
356111
356118
356124
356125
356129
356130
356141
356144
356151
356153
356159
356162
356164
356169
356170
356171
356181
356184
356190
356193
356194
356198
356205
356211
356226
356229
356260
356272
356275
356291
356294
356297
356299
356303
356305
356309
356312
356314
356315
356316
356324
356327
356328
356329
356332
356351
356356
356358
356373
356374
356375
356384
356389
356391
356395
356401
356406
356416
356420
356433
356451
356453
356466
356469
356484
356491
356496
356497
356498
356506
356513
356518
356519
356524
356525
356526
356527
356532
356539
356540
356541
356545
356546
356550
356564
356566
356569
356571
356572
356577
356578
356580
356593
356606
356612
356621
356625
356627
356629
356631
356632
356634
356640
356657
356665
356672
356679
356681
356685
356690
356695
356697
356711
356712
356717
356722
356725
356726
356731
356732
356744
356746
356751
356756
356757
356763
356775
356781
356793
356794
356795
356802
356806
356808
356810
356816
356817
356818
356824
356828
356829
356833
356835
356841
356846
356849
356855
356856
356858
356859
356860
356861
356879
356881
356882
356885
356887
356893
356895
356905
356912
356920
356925
356927
356930
356933
356935
356936
356939
356946
356951
356952
356957
356964
356965
356977
356982
356987
357000
357008
357009
357010
357011
357012
357015
357022
357033
357037
357045
357048
357060
357072
357074
357086
357095
357099
357101
357104
357105
357106
357116
357121
357124
357134
357135
357143
357149
357153
357156
357159
357161
357168
357169
357171
357174
357175
357187
357189
357199
357202
357203
357205
357210
357215
357218
357222
357224
357225
357232
357235
357238
357253
357258
357260
357262
357279
357284
357286
357287
357290
357294
357296
357305
357307
357311
357313
357317
357321
357328
357329
357330
357332
357334
357340
357347
357349
357357
357358
357359
357366
357370
357372
357385
357386
357388
357390
357396
357406
357414
357418
357424
357426
357428
357433
357439
357444
357461
357463
357467
357476
357483
357486
357490
357493
357494
357495
357504
357505
357507
357509
357510
357516
357518
357521
357527
357529
357541
357544
357549
357551
357557
357559
357569
357571
357572
357576
357589
357592
357597
357609
357612
357618
357620
357630
357636
357638
357647
357652
357659
357662
357665
357670
357675
357691
357692
357709
357720
357723
357731
357732
357737
357739
357740
357741
357748
357755
357759
357763
357765
357779
357786
357787
357788
357791
357795
357797
357802
357809
357811
357823
357825
357826
357837
357841
357842
357848
357850
357867
357868
357871
357873
357877
357879
357882
357883
357884
357888
357890
357895
357896
357898
357904
357907
357911
357913
357915
357916
357920
357924
357926
357937
357938
357941
357943
357950
357954
357957
357958
357960
357961
357962
357963
357965
357971
357975
357985
358000
358005
358014
358015
358020
358021
358022
358024
358028
358029
358031
358032
358039
358047
358048
358056
358059
358064
358065
358066
358068
358073
358085
358090
358093
358096
358098
358101
358103
358104
358113
358117
358123
358126
358128
358134
358142
358143
358152
358154
358163
358167
358175
358179
358181
358183
358189
358191
358194
358199
358203
358204
358206
358220
358223
358224
358240
358245
358252
358260
358264
358266
358267
358269
358272
358279
358283
358288
358293
358300
358305
358315
358323
358327
358349
358351
358355
358356
358359
358360
358369
358377
358386
358387
358392
358406
358408
358414
358420
358423
358429
358431
358441
358443
358450
358454
358456
358459
358460
358462
358488
358490
358493
358495
358497
358503
358509
358514
358522
358523
358528
358531
358532
358537
358541
358544
358555
358558
358567
358571
358572
358573
358579
358580
358585
358592
358595
358598
358599
358602
358605
358623
358625
358629
358639
358651
358653
358657
358661
358663
358664
358666
358676
358687
358688
358690
358692
358701
358705
358706
358710
358717
358729
358735
358738
358741
358755
358757
358758
358765
358769
358770
358772
358775
358783
358792
358797
358808
358809
358818
358819
358826
358830
358845
358849
358853
358854
358864
358868
358869
358873
358884
358889
358904
358906
358910
358918
358920
358926
358940
358941
358942
358943
358946
358947
358954
358955
358956
358959
358961
358966
358987
358988
358991
358993
358996
359002
359014
359018
359022
359031
359032
359042
359052
359055
359060
359069
359072
359077
359078
359083
359086
359092
359093
359094
359099
359101
359112
359115
359124
359130
359132
359134
359137
359139
359144
359154
359162
359163
359165
359178
359182
359187
359192
359199
359201
359202
359204
359207
359213
359230
359235
359241
359242
359250
359253
359258
359267
359271
359275
359285
359286
359307
359314
359315
359318
359319
359320
359329
359331
359334
359340
359356
359360
359364
359366
359372
359375
359380
359385
359388
359393
359403
359405
359414
359418
359419
359424
359428
359432
359433
359447
359448
359455
359457
359468
359469
359472
359477
359483
359486
359490
359493
359497
359506
359516
359519
359524
359529
359540
359541
359542
359544
359552
359554
359555
359557
359558
359563
359570
359580
359584
359590
359592
359598
359599
359602
359605
359608
359611
359612
359614
359615
359617
359633
359640
359649
359652
359655
359656
359659
359663
359669
359673
359677
359684
359687
359694
359698
359710
359713
359718
359723
359728
359729
359730
359732
359745
359753
359756
359761
359763
359770
359771
359781
359783
359791
359795
359798
359804
359806
359825
359826
359828
359832
359839
359844
359847
359853
359858
359864
359869
359871
359873
359874
359877
359879
359882
359885
359899
359902
359905
359907
359914
359915
359916
359919
359922
359923
359924
359925
359942
359943
359944
359949
359956
359974
359979
359985
359986
359989
359994
359995
360004
360005
360006
360007
360009
360010
360014
360019
360023
360024
360031
360032
360035
360036
360044
360050
360051
360059
360062
360065
360066
360070
360072
360073
360076
360080
360085
360094
360099
360103
360109
360112
360115
360123
360126
360135
360140
360146
360150
360161
360166
360172
360175
360179
360186
360192
360207
360208
360222
360223
360227
360243
360246
360252
360258
360266
360269
360270
360272
360274
360276
360278
360283
360288
360291
360306
360307
360314
360321
360325
360337
360338
360339
360340
360347
360351
360358
360360
360365
360376
360379
360381
360397
360398
360404
360407
360408
360411
360414
360418
360423
360441
360464
360483
360485
360486
360496
360498
360514
360528
360533
360535
360536
360540
360543
360547
360549
360552
360560
360564
360565
360571
360576
360577
360579
360581
360584
360587
360606
360607
360624
360627
360631
360639
360642
360643
360644
360647
360658
360661
360662
360663
360665
360668
360670
360672
360675
360678
360680
360683
360695
360697
360710
360734
360739
360740
360758
360768
360776
360778
360781
360784
360789
360795
360799
360804
360808
360811
360817
360825
360832
360834
360837
360843
360845
360846
360855
360857
360866
360872
360874
360880
360884
360888
360895
360898
360900
360901
360904
360906
360910
360913
360914
360916
360917
360918
360923
360924
360932
360938
360950
360951
360953
360964
360975
360996
360998
361001
361004
361008
361014
361019
361020
361022
361029
361031
361035
361039
361047
361052
361063
361065
361070
361072
361076
361078
361086
361087
361090
361098
361103
361104
361107
361114
361119
361121
361122
361131
361135
361137
361140
361155
361160
361166
361174
361177
361178
361179
361180
361186
361187
361199
361201
361204
361205
361207
361214
361219
361220
361230
361231
361240
361249
361250
361252
361254
361255
361257
361260
361274
361280
361284
361288
361293
361298
361315
361325
361328
361329
361331
361341
361343
361345
361348
361356
361360
361361
361363
361366
361372
361374
361379
361390
361392
361393
361394
361400
361402
361403
361414
361419
361426
361431
361433
361436
361441
361450
361451
361456
361458
361477
361480
361488
361489
361491
361497
361509
361527
361535
361544
361556
361558
361562
361566
361571
361573
361574
361578
361592
361596
361601
361603
361609
361621
361631
361635
361642
361649
361651
361653
361661
361662
361667
361669
361671
361672
361674
361681
361682
361683
361693
361699
361701
361703
361712
361723
361753
361756
361757
361780
361787
361792
361796
361799
361803
361808
361809
361810
361813
361815
361819
361820
361823
361824
361828
361834
361840
361844
361848
361860
361866
361869
361870
361879
361883
361886
361892
361895
361896
361897
361900
361913
361921
361949
361954
361958
361976
361981
361989
361990
361997
361999
362001
362004
362005
362013
362032
362038
362042
362056
362059
362060
362067
362068
362076
362078
362079
362080
362085
362089
362096
362102
362107
362111
362120
362128
362134
362135
362138
362140
362143
362146
362147
362151
362152
362153
362156
362157
362159
362162
362169
362171
362174
362190
362194
362199
362200
362205
362215
362223
362239
362240
362244
362255
362257
362273
362275
362276
362279
362286
362295
362299
362300
362303
362304
362313
362315
362317
362326
362338
362341
362343
362354
362360
362362
362363
362371
362377
362381
362382
362384
362385
362391
362393
362394
362398
362407
362413
362417
362418
362422
362427
362431
362438
362439
362448
362451
362472
362479
362487
362488
362497
362498
362502
362506
362510
362511
362516
362520
362529
362530
362532
362538
362540
362542
362545
362546
362547
362554
362563
362566
362574
362577
362578
362585
362587
362588
362591
362594
362601
362611
362613
362614
362619
362625
362628
362629
362633
362635
362636
362643
362651
362654
362657
362658
362664
362669
362670
362678
362681
362684
362686
362690
362700
362701
362703
362706
362708
362712
362713
362722
362733
362742
362744
362748
362750
362751
362754
362760
362765
362768
362775
362777
362779
362783
362784
362789
362791
362799
362809
362818
362829
362832
362836
362838
362842
362844
362848
362857
362860
362864
362865
362867
362872
362884
362889
362893
362894
362896
362901
362904
362905
362906
362909
362912
362914
362923
362926
362930
362935
362940
362943
362956
362964
362971
362972
362974
362975
362985
362990
362999
363002
363005
363012
363015
363018
363022
363024
363037
363038
363039
363041
363043
363050
363058
363060
363065
363080
363083
363094
363101
363108
363116
363118
363122
363127
363132
363133
363142
363146
363163
363170
363175
363184
363187
363193
363197
363205
363206
363208
363211
363212
363216
363217
363227
363231
363236
363243
363244
363249
363255
363259
363262
363263
363264
363276
363277
363278
363287
363288
363290
363293
363298
363300
363305
363306
363312
363316
363324
363331
363332
363337
363338
363340
363344
363347
363361
363365
363368
363373
363374
363378
363382
363383
363385
363393
363396
363403
363414
363415
363421
363422
363427
363429
363431
363432
363442
363461
363468
363478
363488
363490
363492
363497
363509
363516
363518
363523
363530
363536
363540
363541
363543
363544
363558
363559
363566
363567
363569
363578
363581
363603
363604
363609
363615
363616
363617
363624
363627
363628
363631
363632
363636
363638
363641
363650
363656
363657
363671
363678
363685
363688
363691
363693
363694
363695
363696
363708
363715
363718
363723
363733
363738
363739
363748
363752
363753
363755
363764
363774
363777
363780
363781
363788
363789
363792
363804
363808
363809
363816
363817
363821
363823
363825
363826
363832
363833
363847
363850
363854
363856
363858
363867
363868
363869
363871
363885
363888
363901
363914
363921
363927
363941
363945
363952
363953
363955
363959
363961
363962
363971
363979
363981
363988
364005
364007
364017
364019
364030
364036
364038
364041
364048
364049
364051
364053
364056
364059
364060
364061
364063
364077
364079
364081
364085
364086
364099
364101
364107
364108
364109
364111
364116
364123
364131
364135
364151
364155
364161
364165
364171
364173
364177
364182
364183
364189
364190
364195
364196
364201
364209
364210
364212
364213
364235
364244
364250
364261
364268
364269
364271
364278
364280
364284
364297
364298
364305
364310
364311
364320
364325
364326
364329
364331
364335
364342
364349
364353
364355
364359
364364
364367
364368
364375
364380
364382
364383
364397
364400
364408
364410
364425
364427
364428
364432
364441
364442
364444
364451
364454
364459
364467
364470
364472
364474
364476
364478
364480
364481
364485
364488
364493
364499
364500
364502
364509
364510
364518
364519
364534
364536
364538
364541
364542
364543
364545
364550
364551
364572
364573
364578
364579
364580
364584
364585
364592
364594
364599
364605
364608
364618
364624
364627
364630
364634
364636
364637
364652
364653
364657
364663
364667
364670
364671
364677
364678
364679
364686
364688
364689
364697
364701
364707
364709
364719
364725
364727
364730
364732
364737
364742
364745
364749
364752
364758
364763
364769
364772
364775
364777
364807
364808
364820
364822
364833
364840
364843
364845
364846
364847
364854
364868
364870
364874
364887
364889
364894
364897
364904
364906
364931
364933
364935
364937
364940
364941
364950
364951
364952
364954
364957
364960
364965
364966
364967
364969
364978
364980
364990
364992
364993
364997
365009
365010
365013
365015
365030
365033
365042
365045
365055
365057
365060
365070
365078
365095
365100
365101
365105
365106
365109
365110
365111
365112
365113
365115
365121
365123
365126
365136
365144
365145
365150
365152
365158
365167
365179
365181
365185
365187
365190
365192
365206
365213
365216
365217
365221
365223
365227
365230
365233
365237
365256
365268
365273
365277
365281
365286
365294
365307
365317
365320
365325
365328
365329
365333
365334
365340
365342
365344
365345
365351
365357
365361
365378
365386
365388
365390
365392
365394
365403
365407
365408
365410
365411
365417
365418
365435
365444
365457
365458
365464
365469
365472
365479
365486
365495
365502
365503
365504
365510
365513
365514
365523
365529
365532
365535
365536
365557
365558
365564
365571
365573
365578
365583
365593
365594
365606
365608
365610
365616
365628
365629
365633
365639
365643
365644
365649
365656
365657
365661
365663
365667
365668
365669
365671
365676
365683
365690
365694
365697
365699
365703
365707
365725
365727
365730
365734
365738
365755
365762
365763
365770
365771
365777
365780
365783
365793
365797
365807
365813
365819
365821
365822
365831
365854
365860
365868
365893
365896
365899
365900
365908
365910
365911
365915
365928
365929
365937
365938
365939
365944
365945
365946
365950
365954
365963
365967
365968
365973
365975
365984
365988
365989
365996
366000
366001
366007
366015
366016
366017
366019
366020
366022
366023
366038
366044
366060
366063
366068
366076
366080
366082
366100
366101
366103
366109
366114
366119
366127
366128
366134
366138
366143
366146
366147
366148
366149
366157
366162
366171
366173
366174
366184
366185
366190
366192
366193
366194
366198
366199
366200
366210
366211
366216
366221
366224
366226
366234
366236
366238
366244
366257
366260
366261
366265
366266
366268
366270
366271
366274
366276
366284
366285
366293
366294
366301
366303
366306
366311
366318
366319
366320
366323
366330
366332
366335
366336
366345
366349
366352
366357
366362
366367
366370
366372
366373
366387
366388
366389
366398
366399
366420
366425
366437
366439
366440
366444
366450
366451
366453
366469
366476
366478
366482
366489
366497
366500
366504
366506
366513
366515
366520
366528
366529
366537
366538
366542
366543
366544
366547
366549
366552
366555
366557
366560
366565
366578
366583
366584
366587
366601
366602
366604
366613
366625
366628
366634
366637
366648
366650
366651
366656
366662
366664
366665
366667
366669
366671
366674
366675
366677
366686
366696
366698
366705
366707
366711
366719
366731
366733
366741
366742
366744
366745
366749
366764
366767
366775
366783
366787
366798
366800
366808
366810
366811
366812
366813
366815
366824
366826
366829
366839
366840
366845
366847
366849
366859
366861
366862
366870
366880
366890
366893
366894
366902
366903
366904
366907
366909
366912
366914
366917
366919
366923
366929
366936
366939
366953
366955
366966
366967
366968
366970
366971
366973
366976
366978
366992
366998
367002
367003
367005
367008
367013
367016
367017
367020
367026
367035
367037
367038
367048
367049
367061
367067
367068
367069
367074
367075
367081
367085
367088
367089
367091
367092
367093
367099
367101
367102
367107
367116
367121
367122
367135
367151
367152
367155
367165
367170
367178
367179
367180
367187
367198
367200
367205
367209
367221
367226
367229
367232
367235
367237
367238
367240
367253
367254
367260
367265
367274
367277
367279
367282
367285
367286
367288
367290
367291
367296
367309
367312
367322
367331
367333
367334
367335
367340
367342
367348
367353
367365
367375
367378
367380
367383
367385
367386
367390
367392
367397
367398
367412
367419
367423
367427
367434
367436
367449
367452
367455
367462
367480
367483
367494
367497
367504
367505
367510
367519
367529
367534
367539
367543
367551
367557
367561
367563
367564
367565
367570
367573
367574
367578
367581
367593
367601
367606
367614
367624
367628
367633
367636
367638
367645
367647
367652
367658
367663
367665
367669
367671
367689
367690
367696
367706
367708
367709
367711
367715
367717
367718
367720
367724
367726
367732
367743
367745
367746
367749
367750
367752
367753
367765
367771
367775
367791
367792
367796
367799
367801
367805
367806
367809
367811
367819
367822
367824
367825
367830
367835
367837
367838
367839
367842
367852
367863
367864
367866
367868
367875
367877
367882
367885
367891
367904
367905
367913
367915
367919
367924
367925
367928
367938
367939
367940
367941
367945
367946
367949
367956
367959
367965
367967
367968
367970
367972
367977
367978
367986
367988
367990
367991
367992
367993
368008
368010
368011
368014
368015
368017
368022
368023
368032
368034
368039
368045
368049
368059
368064
368070
368093
368096
368100
368104
368106
368112
368114
368120
368121
368122
368123
368133
368138
368143
368149
368150
368159
368164
368167
368175
368183
368190
368218
368230
368232
368237
368241
368249
368262
368263
368274
368276
368283
368285
368288
368295
368302
368305
368306
368314
368316
368318
368319
368324
368334
368341
368349
368353
368357
368359
368360
368365
368367
368369
368378
368385
368386
368389
368406
368407
368410
368413
368425
368442
368444
368448
368453
368456
368459
368462
368464
368466
368467
368472
368474
368475
368484
368487
368497
368499
368500
368508
368512
368524
368526
368528
368529
368532
368537
368542
368543
368547
368557
368558
368560
368562
368563
368564
368567
368568
368571
368585
368591
368603
368606
368610
368615
368618
368619
368623
368633
368660
368662
368671
368672
368674
368676
368680
368688
368689
368692
368696
368697
368704
368712
368713
368718
368719
368721
368723
368726
368729
368731
368741
368748
368753
368758
368759
368762
368769
368775
368778
368793
368798
368803
368804
368814
368817
368823
368826
368828
368834
368836
368838
368842
368844
368845
368866
368871
368875
368879
368886
368894
368896
368901
368903
368904
368906
368907
368908
368918
368920
368922
368923
368931
368932
368934
368940
368941
368942
368947
368950
368957
368958
368966
368971
368978
368982
368995
368997
369000
369005
369010
369011
369023
369029
369031
369032
369034
369035
369038
369044
369045
369047
369050
369051
369053
369059
369060
369067
369068
369073
369077
369081
369084
369093
369095
369098
369102
369105
369108
369109
369110
369111
369113
369117
369122
369139
369144
369146
369147
369150
369151
369157
369158
369160
369164
369168
369173
369176
369177
369189
369190
369198
369205
369223
369227
369247
369251
369263
369266
369270
369276
369277
369285
369288
369290
369298
369315
369317
369320
369322
369323
369326
369331
369336
369337
369338
369343
369352
369353
369354
369355
369357
369360
369361
369362
369364
369367
369370
369373
369377
369382
369383
369386
369387
369388
369396
369400
369403
369408
369414
369418
369419
369422
369426
369428
369431
369436
369445
369450
369456
369465
369474
369476
369484
369488
369490
369498
369508
369517
369520
369521
369524
369546
369547
369548
369553
369560
369563
369567
369571
369572
369573
369574
369575
369577
369584
369589
369590
369605
369608
369609
369612
369614
369620
369622
369623
369625
369628
369632
369636
369639
369643
369644
369652
369653
369662
369667
369668
369669
369670
369671
369672
369673
369705
369712
369714
369719
369722
369738
369754
369774
369775
369785
369789
369797
369803
369804
369805
369806
369807
369818
369822
369824
369826
369829
369830
369831
369841
369866
369868
369873
369874
369876
369882
369889
369897
369905
369907
369908
369909
369911
369913
369915
369919
369920
369921
369929
369931
369932
369940
369949
369950
369951
369966
369969
369973
369974
369976
369977
369978
369982
369987
369990
370002
370005
370007
370012
370016
370024
370030
370033
370035
370038
370039
370043
370044
370048
370051
370055
370059
370064
370070
370073
370075
370081
370082
370084
370089
370091
370094
370095
370100
370102
370113
370114
370122
370125
370134
370135
370145
370154
370163
370166
370170
370171
370173
370177
370182
370188
370191
370201
370208
370209
370218
370220
370226
370235
370236
370245
370246
370254
370259
370265
370272
370275
370276
370283
370286
370291
370293
370299
370300
370305
370310
370325
370326
370327
370336
370340
370343
370346
370353
370354
370357
370364
370365
370367
370373
370377
370384
370390
370395
370396
370403
370405
370407
370414
370420
370423
370430
370435
370441
370445
370448
370451
370452
370468
370471
370472
370476
370479
370480
370488
370491
370492
370496
370500
370503
370506
370509
370513
370514
370516
370520
370529
370537
370539
370541
370545
370551
370553
370557
370566
370572
370577
370578
370580
370581
370585
370589
370590
370593
370597
370601
370602
370603
370615
370622
370624
370635
370637
370638
370640
370644
370647
370660
370662
370663
370664
370667
370674
370675
370676
370677
370681
370687
370689
370692
370694
370703
370705
370709
370717
370718
370726
370727
370733
370735
370739
370744
370747
370750
370760
370764
370766
370769
370770
370772
370774
370780
370786
370787
370793
370801
370804
370805
370812
370813
370814
370816
370822
370830
370838
370842
370851
370857
370858
370868
370875
370876
370880
370889
370890
370892
370897
370905
370917
370920
370924
370928
370929
370932
370938
370941
370945
370948
370950
370951
370954
370961
370966
370969
370970
370972
370979
370988
370993
371006
371008
371012
371045
371053
371055
371058
371060
371064
371070
371071
371073
371081
371082
371086
371089
371090
371097
371101
371104
371105
371107
371112
371115
371117
371119
371125
371135
371140
371141
371142
371145
371151
371165
371166
371171
371175
371178
371182
371183
371186
371190
371202
371211
371216
371219
371220
371225
371226
371238
371248
371249
371254
371259
371261
371266
371267
371272
371276
371280
371282
371285
371289
371295
371298
371300
371301
371304
371310
371314
371316
371328
371329
371330
371339
371344
371349
371353
371360
371364
371367
371369
371374
371380
371387
371389
371390
371399
371402
371405
371412
371414
371419
371423
371428
371431
371432
371433
371436
371437
371440
371448
371450
371459
371463
371468
371471
371472
371480
371486
371497
371498
371500
371522
371525
371527
371530
371545
371546
371550
371553
371557
371558
371562
371569
371573
371575
371593
371595
371597
371601
371605
371609
371611
371613
371614
371619
371623
371625
371626
371630
371632
371636
371641
371642
371644
371646
371661
371665
371672
371673
371677
371678
371681
371683
371684
371694
371700
371719
371721
371726
371736
371746
371747
371754
371755
371756
371760
371770
371774
371782
371786
371792
371795
371798
371803
371810
371815
371822
371826
371827
371830
371833
371834
371841
371860
371866
371870
371874
371880
371887
371891
371893
371894
371895
371899
371910
371913
371914
371917
371918
371927
371930
371931
371932
371940
371951
371952
371959
371977
371978
371980
371985
371990
371997
372000
372003
372005
372013
372015
372016
372018
372019
372022
372025
372030
372032
372044
372048
372055
372061
372064
372065
372079
372084
372085
372090
372091
372092
372094
372098
372104
372107
372108
372109
372121
372124
372138
372144
372147
372158
372162
372163
372164
372170
372171
372179
372180
372210
372222
372224
372225
372229
372235
372239
372243
372244
372253
372257
372258
372261
372263
372289
372296
372299
372300
372304
372307
372319
372322
372323
372324
372329
372332
372333
372344
372345
372346
372348
372361
372372
372378
372383
372386
372390
372415
372420
372421
372426
372433
372435
372446
372447
372448
372450
372452
372453
372461
372462
372464
372467
372468
372472
372477
372480
372482
372483
372485
372487
372492
372498
372506
372507
372512
372518
372520
372530
372562
372563
372567
372569
372571
372579
372581
372587
372589
372593
372599
372601
372608
372610
372616
372617
372618
372624
372625
372629
372636
372639
372641
372643
372644
372648
372664
372669
372673
372674
372676
372680
372681
372683
372690
372693
372694
372700
372704
372715
372716
372720
372721
372733
372734
372737
372744
372746
372747
372754
372755
372757
372761
372769
372774
372775
372776
372784
372799
372803
372810
372814
372818
372823
372825
372827
372831
372833
372835
372836
372840
372841
372843
372848
372849
372851
372855
372856
372857
372858
372859
372863
372880
372881
372883
372885
372894
372896
372901
372904
372905
372928
372933
372940
372945
372947
372948
372949
372950
372951
372955
372956
372960
372966
372975
372980
372984
372986
372989
372990
373008
373009
373014
373019
373020
373021
373028
373031
373036
373046
373054
373064
373067
373072
373076
373077
373078
373079
373087
373097
373098
373111
373115
373120
373126
373129
373134
373135
373138
373142
373146
373149
373152
373153
373154
373165
373173
373176
373178
373191
373194
373199
373204
373206
373210
373215
373219
373227
373233
373235
373236
373241
373243
373245
373251
373257
373261
373274
373277
373282
373284
373294
373295
373306
373309
373315
373318
373324
373326
373328
373329
373331
373332
373333
373336
373338
373339
373346
373350
373359
373365
373382
373383
373391
373396
373397
373399
373405
373408
373415
373416
373420
373422
373424
373429
373435
373446
373450
373455
373456
373459
373461
373481
373484
373486
373489
373503
373513
373519
373527
373528
373529
373530
373533
373537
373542
373546
373550
373551
373555
373570
373574
373578
373586
373590
373606
373609
373611
373612
373614
373616
373618
373619
373624
373629
373642
373656
373666
373668
373670
373676
373679
373680
373690
373698
373699
373701
373703
373704
373712
373716
373719
373732
373738
373742
373744
373750
373751
373752
373753
373755
373757
373761
373763
373768
373771
373772
373773
373775
373778
373781
373783
373785
373791
373792
373794
373797
373800
373806
373814
373815
373818
373829
373834
373835
373839
373843
373845
373846
373849
373851
373860
373864
373871
373872
373873
373888
373895
373902
373910
373913
373928
373930
373935
373939
373943
373952
373958
373962
373963
373974
373976
373978
373980
373982
373986
373992
373994
373998
374000
374006
374008
374014
374016
374019
374022
374023
374024
374032
374038
374040
374044
374048
374051
374055
374062
374065
374072
374077
374079
374084
374100
374101
374106
374119
374125
374135
374138
374140
374143
374144
374145
374149
374151
374156
374165
374170
374176
374177
374193
374194
374195
374204
374206
374209
374223
374224
374236
374245
374247
374251
374258
374261
374263
374271
374283
374289
374293
374297
374299
374303
374320
374324
374325
374327
374329
374330
374342
374345
374352
374356
374380
374381
374392
374400
374401
374412
374417
374421
374423
374425
374429
374444
374445
374451
374453
374457
374459
374466
374467
374475
374477
374480
374481
374485
374488
374491
374492
374501
374502
374503
374508
374512
374515
374519
374521
374522
374523
374525
374532
374535
374543
374545
374547
374553
374555
374557
374565
374566
374569
374570
374577
374581
374583
374591
374595
374596
374602
374612
374613
374618
374621
374628
374638
374643
374649
374652
374656
374664
374666
374667
374669
374670
374671
374679
374682
374689
374700
374706
374709
374713
374717
374719
374720
374725
374729
374734
374736
374738
374742
374743
374744
374746
374749
374759
374767
374770
374777
374778
374782
374783
374785
374788
374789
374790
374792
374793
374798
374799
374816
374818
374834
374837
374839
374867
374868
374873
374874
374875
374877
374889
374903
374908
374911
374912
374913
374914
374921
374922
374923
374934
374939
374945
374947
374948
374950
374952
374954
374955
374958
374966
374968
374974
374980
374981
374984
374990
374992
374999
375015
375021
375025
375026
375028
375029
375036
375037
375040
375041
375052
375059
375061
375070
375079
375085
375093
375117
375128
375130
375132
375134
375140
375153
375157
375164
375167
375168
375174
375181
375183
375187
375190
375203
375209
375213
375215
375216
375223
375226
375228
375230
375233
375240
375241
375247
375255
375262
375266
375272
375275
375283
375287
375300
375315
375316
375319
375321
375324
375327
375331
375336
375345
375351
375357
375359
375360
375361
375373
375376
375382
375385
375386
375390
375393
375398
375399
375405
375406
375412
375425
375432
375435
375440
375447
375455
375457
375462
375463
375467
375469
375470
375478
375479
375483
375484
375490
375495
375496
375511
375516
375536
375542
375545
375546
375547
375549
375553
375556
375559
375566
375568
375574
375576
375577
375584
375585
375586
375589
375590
375594
375595
375601
375611
375618
375622
375623
375624
375629
375630
375640
375645
375646
375647
375650
375659
375661
375662
375671
375672
375678
375683
375702
375703
375717
375722
375725
375730
375735
375736
375741
375742
375745
375748
375755
375756
375758
375759
375770
375772
375773
375774
375775
375779
375780
375789
375798
375801
375814
375816
375821
375825
375828
375829
375838
375844
375856
375860
375866
375871
375872
375873
375880
375881
375882
375886
375889
375897
375903
375918
375919
375922
375924
375926
375927
375935
375937
375942
375946
375949
375951
375954
375956
375961
375969
375970
375971
375974
375976
375978
375990
375993
375995
375996
376006
376009
376010
376018
376021
376029
376036
376038
376043
376047
376052
376074
376076
376084
376086
376091
376101
376103
376108
376109
376110
376115
376117
376121
376122
376123
376124
376130
376143
376148
376150
376156
376159
376174
376175
376176
376177
376181
376191
376203
376205
376217
376221
376224
376228
376235
376239
376244
376255
376267
376272
376273
376274
376276
376278
376279
376292
376293
376298
376299
376300
376301
376304
376308
376310
376314
376315
376319
376320
376327
376329
376342
376346
376350
376353
376355
376357
376365
376366
376369
376371
376372
376377
376381
376382
376388
376395
376402
376404
376407
376408
376411
376416
376418
376419
376421
376422
376427
376431
376433
376437
376438
376440
376448
376451
376452
376454
376459
376460
376467
376469
376472
376481
376482
376487
376498
376503
376512
376514
376520
376523
376528
376532
376546
376549
376550
376557
376559
376561
376562
376570
376576
376579
376581
376585
376590
376594
376600
376603
376608
376618
376631
376634
376636
376643
376649
376650
376655
376656
376657
376669
376670
376672
376673
376674
376675
376696
376703
376710
376712
376713
376715
376716
376720
376724
376730
376732
376734
376741
376749
376758
376760
376773
376779
376791
376795
376812
376813
376817
376821
376832
376833
376835
376836
376845
376850
376853
376855
376857
376860
376865
376875
376876
376877
376878
376883
376886
376887
376888
376889
376891
376893
376894
376897
376898
376901
376913
376914
376919
376920
376923
376925
376927
376933
376934
376935
376937
376939
376940
376941
376943
376944
376946
376950
376951
376954
376966
376968
376975
376977
376983
376990
376991
376992
376998
377000
377001
377004
377006
377007
377018
377027
377045
377047
377050
377052
377059
377069
377071
377079
377089
377093
377097
377106
377108
377111
377115
377120
377123
377124
377127
377128
377141
377142
377153
377158
377160
377163
377164
377165
377175
377185
377194
377200
377220
377222
377225
377233
377237
377240
377243
377244
377247
377251
377252
377258
377262
377267
377274
377275
377280
377286
377294
377295
377299
377303
377320
377326
377327
377329
377337
377342
377343
377344
377348
377355
377361
377363
377374
377386
377390
377392
377409
377413
377415
377419
377421
377422
377427
377435
377440
377442
377458
377466
377479
377481
377487
377503
377509
377510
377519
377520
377522
377525
377528
377531
377532
377533
377534
377535
377537
377539
377544
377546
377547
377548
377554
377558
377559
377565
377567
377578
377579
377583
377586
377589
377593
377599
377604
377609
377616
377617
377619
377621
377624
377637
377640
377645
377646
377647
377660
377671
377672
377676
377679
377680
377697
377704
377705
377718
377721
377726
377731
377733
377737
377739
377741
377750
377752
377754
377758
377764
377768
377771
377772
377780
377792
377794
377799
377803
377815
377816
377817
377822
377823
377826
377828
377829
377830
377836
377837
377843
377844
377860
377866
377868
377881
377884
377888
377892
377893
377897
377898
377899
377902
377903
377911
377919
377921
377926
377927
377933
377936
377939
377943
377945
377951
377954
377956
377962
377967
377978
377983
377993
377998
378003
378007
378030
378034
378039
378045
378052
378056
378057
378059
378063
378067
378070
378077
378081
378084
378086
378089
378092
378097
378099
378102
378112
378117
378120
378122
378125
378126
378127
378129
378134
378141
378142
378143
378146
378156
378158
378159
378164
378165
378169
378173
378176
378179
378186
378190
378193
378200
378201
378214
378216
378220
378222
378238
378239
378249
378251
378253
378254
378262
378264
378269
378272
378274
378276
378280
378289
378297
378313
378323
378325
378328
378337
378339
378340
378352
378354
378355
378361
378369
378377
378378
378380
378386
378388
378391
378395
378396
378402
378410
378411
378414
378418
378423
378439
378441
378446
378447
378454
378457
378459
378470
378472
378479
378484
378487
378489
378491
378494
378495
378496
378499
378501
378506
378518
378521
378523
378538
378540
378542
378543
378553
378558
378568
378575
378579
378581
378582
378589
378590
378593
378595
378600
378611
378615
378620
378621
378624
378627
378628
378632
378643
378646
378647
378652
378654
378663
378667
378670
378673
378695
378699
378700
378708
378726
378727
378730
378735
378737
378743
378746
378749
378750
378759
378763
378764
378772
378774
378777
378779
378782
378788
378794
378795
378807
378808
378809
378813
378819
378825
378828
378830
378836
378837
378838
378845
378847
378856
378866
378869
378871
378872
378876
378877
378879
378892
378898
378900
378904
378908
378911
378912
378914
378926
378928
378931
378933
378934
378935
378937
378942
378944
378949
378952
378956
378960
378963
378973
378976
378978
378986
378990
378993
378995
378997
378999
379002
379003
379006
379009
379016
379020
379030
379032
379034
379036
379040
379044
379045
379046
379047
379050
379057
379058
379062
379063
379066
379079
379082
379084
379086
379092
379095
379096
379099
379102
379107
379109
379112
379115
379116
379119
379139
379148
379153
379157
379162
379168
379185
379195
379196
379199
379207
379209
379224
379228
379236
379237
379243
379268
379270
379280
379285
379286
379300
379308
379309
379312
379320
379322
379324
379325
379329
379332
379335
379339
379347
379349
379355
379361
379372
379374
379375
379380
379384
379386
379388
379389
379391
379395
379403
379406
379409
379410
379415
379417
379421
379422
379445
379449
379451
379460
379466
379467
379470
379471
379472
379474
379481
379483
379486
379493
379499
379510
379513
379517
379520
379531
379540
379541
379547
379549
379556
379558
379559
379566
379569
379579
379583
379585
379586
379596
379598
379604
379605
379613
379620
379625
379626
379631
379644
379646
379650
379652
379656
379663
379666
379670
379674
379677
379688
379703
379705
379712
379713
379715
379717
379720
379725
379727
379733
379739
379741
379742
379745
379746
379755
379762
379767
379779
379783
379788
379790
379798
379799
379802
379805
379810
379814
379821
379829
379832
379842
379845
379850
379861
379864
379869
379871
379872
379874
379879
379889
379893
379894
379905
379908
379909
379913
379920
379921
379926
379929
379950
379951
379956
379957
379959
379962
379966
379968
379969
379971
379978
379989
379991
379997
380012
380013
380016
380020
380021
380023
380028
380029
380038
380049
380053
380056
380062
380063
380081
380100
380104
380111
380114
380115
380116
380137
380141
380142
380150
380155
380159
380160
380164
380169
380174
380183
380187
380188
380190
380194
380197
380201
380204
380206
380209
380217
380241
380251
380252
380256
380257
380260
380262
380263
380264
380272
380273
380278
380281
380289
380294
380297
380298
380307
380308
380309
380321
380323
380334
380344
380349
380350
380351
380355
380369
380371
380375
380382
380385
380386
380387
380394
380400
380407
380413
380421
380423
380431
380433
380436
380441
380442
380451
380453
380458
380465
380475
380485
380495
380498
380514
380518
380520
380523
380525
380530
380540
380544
380547
380554
380559
380566
380569
380570
380572
380574
380578
380584
380587
380595
380602
380609
380611
380612
380619
380632
380634
380652
380655
380663
380668
380672
380674
380683
380687
380696
380705
380716
380717
380719
380724
380726
380727
380731
380734
380735
380736
380745
380747
380755
380759
380761
380772
380780
380781
380785
380786
380790
380804
380805
380812
380816
380827
380830
380832
380836
380841
380842
380850
380852
380864
380869
380875
380880
380881
380884
380885
380887
380895
380900
380904
380916
380923
380925
380928
380935
380941
380942
380946
380948
380951
380952
380956
380958
380963
380964
380973
380975
380981
380984
380989
380995
381004
381005
381021
381028
381042
381053
381060
381061
381063
381066
381070
381071
381073
381074
381080
381084
381104
381105
381112
381118
381119
381121
381123
381125
381126
381139
381143
381146
381149
381150
381159
381186
381193
381194
381198
381199
381201
381207
381210
381212
381213
381217
381218
381219
381228
381239
381248
381262
381264
381278
381279
381280
381289
381292
381306
381311
381317
381333
381334
381344
381353
381366
381367
381370
381374
381376
381381
381384
381389
381393
381397
381398
381408
381415
381424
381425
381429
381432
381439
381441
381451
381457
381460
381461
381462
381468
381469
381485
381490
381493
381498
381500
381501
381502
381504
381512
381516
381517
381518
381522
381523
381525
381528
381530
381531
381534
381549
381555
381560
381566
381569
381573
381576
381581
381603
381610
381618
381622
381626
381638
381645
381650
381653
381657
381660
381668
381670
381678
381691
381695
381697
381701
381705
381706
381708
381715
381722
381730
381740
381744
381748
381756
381762
381765
381769
381771
381781
381784
381788
381791
381793
381795
381800
381806
381808
381811
381815
381817
381818
381819
381840
381847
381853
381865
381867
381868
381869
381877
381884
381890
381896
381899
381904
381906
381915
381919
381921
381923
381924
381929
381931
381933
381939
381941
381946
381951
381958
381959
381962
381978
381982
381993
381994
382000
382002
382008
382010
382018
382022
382023
382025
382028
382038
382039
382040
382042
382051
382057
382060
382070
382073
382074
382077
382078
382080
382088
382091
382094
382098
382102
382103
382104
382106
382110
382112
382118
382127
382139
382140
382146
382147
382148
382150
382153
382154
382159
382162
382164
382172
382173
382174
382175
382176
382184
382189
382193
382200
382204
382206
382208
382212
382218
382232
382233
382243
382249
382251
382261
382269
382270
382271
382274
382275
382282
382284
382288
382297
382298
382303
382310
382318
382327
382330
382332
382337
382343
382348
382359
382367
382370
382374
382375
382377
382379
382381
382384
382395
382401
382404
382407
382410
382424
382436
382442
382445
382451
382452
382460
382464
382466
382471
382476
382489
382492
382493
382494
382496
382499
382508
382519
382524
382529
382533
382537
382552
382554
382561
382582
382591
382596
382603
382607
382608
382613
382615
382619
382621
382626
382627
382635
382636
382639
382654
382655
382658
382662
382664
382666
382668
382675
382681
382688
382690
382695
382696
382697
382698
382712
382714
382716
382721
382724
382727
382729
382737
382746
382750
382758
382759
382762
382769
382782
382784
382789
382796
382797
382798
382804
382805
382809
382812
382814
382820
382833
382836
382837
382839
382848
382853
382855
382863
382892
382893
382898
382900
382908
382912
382918
382920
382922
382931
382932
382937
382942
382943
382945
382949
382950
382953
382961
382963
382964
382978
382979
382982
382983
382985
382986
382987
382995
382997
382998
383001
383005
383011
383013
383014
383019
383020
383024
383025
383027
383039
383041
383042
383051
383053
383054
383062
383063
383064
383071
383072
383073
383075
383082
383085
383087
383090
383092
383093
383096
383097
383103
383108
383111
383116
383121
383125
383127
383129
383135
383138
383139
383143
383148
383149
383150
383158
383175
383177
383179
383183
383188
383191
383193
383198
383201
383202
383211
383212
383215
383217
383220
383221
383222
383228
383229
383236
383244
383251
383254
383267
383270
383276
383283
383285
383293
383297
383307
383308
383320
383324
383325
383334
383336
383337
383345
383346
383347
383354
383369
383374
383380
383382
383384
383387
383392
383399
383400
383401
383407
383417
383421
383433
383435
383445
383450
383455
383457
383463
383464
383466
383478
383480
383483
383493
383501
383502
383510
383513
383516
383524
383538
383543
383548
383549
383559
383563
383565
383573
383580
383581
383587
383598
383599
383601
383603
383605
383608
383641
383651
383667
383670
383672
383674
383680
383682
383684
383694
383700
383703
383708
383709
383721
383725
383726
383728
383734
383735
383738
383749
383751
383777
383778
383780
383786
383787
383790
383792
383797
383801
383816
383820
383822
383826
383829
383834
383837
383841
383850
383851
383852
383861
383864
383865
383879
383884
383891
383893
383897
383899
383901
383910
383913
383915
383919
383928
383930
383934
383936
383938
383939
383940
383942
383943
383946
383953
383954
383958
383959
383972
383977
383983
383986
383990
383993
383996
384002
384003
384006
384015
384018
384024
384027
384039
384045
384054
384061
384066
384070
384074
384079
384080
384081
384082
384089
384098
384102
384119
384127
384129
384132
384137
384143
384144
384145
384147
384148
384150
384152
384154
384175
384180
384183
384185
384190
384194
384198
384204
384206
384215
384217
384230
384232
384235
384241
384242
384251
384257
384258
384262
384266
384269
384274
384282
384299
384301
384305
384306
384315
384316
384323
384325
384342
384350
384352
384359
384375
384380
384386
384397
384400
384410
384416
384419
384421
384430
384440
384443
384444
384451
384452
384454
384459
384462
384465
384466
384467
384471
384473
384476
384484
384490
384494
384498
384509
384517
384521
384523
384527
384541
384547
384552
384555
384557
384566
384572
384581
384589
384601
384603
384606
384610
384615
384621
384630
384631
384644
384656
384658
384661
384669
384674
384681
384685
384692
384693
384705
384706
384710
384711
384733
384734
384738
384742
384750
384752
384755
384760
384761
384762
384766
384770
384780
384787
384788
384793
384797
384806
384813
384819
384823
384824
384828
384838
384862
384867
384879
384887
384888
384893
384895
384896
384897
384899
384900
384906
384918
384920
384921
384925
384926
384931
384932
384943
384944
384945
384946
384947
384949
384956
384958
384960
384962
384964
384972
384983
384986
384987
384990
384993
385003
385004
385006
385008
385009
385013
385019
385035
385043
385053
385055
385061
385065
385072
385082
385083
385087
385097
385098
385100
385106
385107
385111
385118
385120
385121
385122
385126
385128
385130
385135
385138
385139
385155
385160
385161
385167
385172
385182
385185
385188
385189
385193
385200
385202
385205
385218
385223
385232
385237
385242
385243
385251
385252
385255
385257
385259
385261
385262
385264
385265
385273
385278
385283
385287
385296
385300
385307
385317
385330
385337
385339
385344
385353
385361
385362
385367
385368
385373
385382
385388
385398
385405
385406
385409
385413
385414
385419
385436
385437
385439
385443
385445
385449
385453
385463
385465
385469
385475
385476
385477
385498
385501
385502
385506
385507
385510
385520
385522
385527
385537
385540
385541
385544
385547
385550
385551
385555
385558
385561
385566
385568
385571
385572
385576
385579
385590
385592
385595
385598
385600
385602
385603
385604
385610
385620
385631
385634
385637
385638
385639
385643
385644
385652
385657
385658
385659
385660
385664
385666
385667
385672
385676
385677
385679
385681
385682
385685
385686
385691
385692
385694
385708
385712
385719
385725
385733
385742
385745
385751
385755
385759
385760
385764
385765
385766
385768
385769
385770
385772
385775
385780
385781
385782
385784
385787
385795
385797
385800
385806
385814
385815
385821
385823
385826
385832
385835
385843
385844
385851
385859
385860
385871
385872
385874
385877
385880
385887
385890
385891
385901
385902
385906
385910
385911
385918
385920
385924
385927
385929
385932
385935
385941
385942
385943
385951
385952
385964
385967
385978
385980
385982
385985
385994
385999
386002
386009
386015
386019
386020
386022
386023
386025
386032
386046
386049
386053
386060
386061
386067
386073
386075
386076
386081
386083
386084
386086
386090
386094
386104
386107
386108
386110
386112
386126
386127
386134
386135
386136
386137
386141
386143
386145
386148
386150
386154
386156
386158
386160
386161
386162
386165
386167
386169
386174
386178
386179
386181
386187
386193
386195
386196
386199
386201
386207
386215
386217
386221
386222
386226
386228
386236
386239
386245
386246
386252
386254
386256
386259
386261
386265
386267
386269
386272
386286
386292
386293
386294
386297
386299
386304
386306
386309
386313
386321
386322
386327
386329
386330
386335
386336
386337
386340
386346
386350
386355
386360
386362
386374
386375
386379
386390
386396
386398
386404
386410
386416
386422
386429
386431
386434
386437
386438
386439
386442
386459
386462
386468
386473
386474
386475
386481
386489
386491
386501
386513
386517
386523
386528
386537
386549
386553
386557
386560
386561
386569
386570
386578
386581
386584
386587
386595
386604
386606
386610
386611
386614
386617
386627
386643
386646
386648
386658
386662
386665
386666
386667
386672
386678
386683
386688
386689
386702
386703
386704
386705
386707
386708
386712
386715
386724
386727
386743
386749
386752
386759
386764
386772
386777
386784
386793
386804
386806
386808
386818
386835
386841
386844
386848
386850
386853
386855
386883
386891
386894
386896
386903
386907
386910
386916
386917
386920
386922
386926
386940
386942
386945
386949
386953
386957
386976
386982
386984
386986
386990
387001
387002
387012
387019
387024
387025
387036
387038
387046
387050
387051
387056
387063
387068
387071
387078
387087
387091
387096
387097
387099
387107
387108
387114
387120
387121
387125
387132
387134
387136
387144
387145
387160
387165
387166
387174
387176
387180
387184
387188
387196
387197
387200
387201
387202
387209
387211
387212
387213
387216
387221
387226
387232
387243
387247
387251
387254
387258
387259
387263
387266
387277
387281
387284
387287
387297
387303
387310
387312
387316
387317
387319
387324
387327
387330
387332
387342
387348
387349
387352
387356
387362
387363
387364
387371
387372
387376
387385
387390
387394
387397
387413
387418
387421
387424
387438
387444
387457
387459
387462
387469
387471
387472
387485
387490
387504
387510
387517
387518
387519
387520
387526
387537
387539
387543
387548
387553
387558
387561
387566
387573
387576
387578
387585
387586
387588
387590
387595
387600
387613
387618
387621
387624
387631
387638
387642
387643
387647
387652
387653
387663
387665
387675
387680
387692
387695
387703
387705
387708
387711
387714
387718
387719
387724
387726
387728
387731
387736
387747
387749
387752
387766
387767
387771
387783
387784
387788
387792
387796
387800
387804
387810
387814
387815
387824
387833
387844
387847
387854
387855
387860
387863
387865
387866
387867
387875
387885
387886
387891
387894
387901
387909
387915
387916
387920
387921
387929
387930
387934
387942
387953
387960
387961
387967
387969
387973
387974
387983
387984
387987
387988
387998
388003
388009
388012
388021
388024
388025
388028
388041
388054
388061
388062
388089
388095
388096
388098
388115
388117
388118
388119
388121
388123
388124
388127
388129
388136
388145
388149
388150
388152
388154
388159
388160
388170
388173
388177
388178
388187
388192
388193
388196
388200
388201
388202
388211
388218
388224
388232
388233
388237
388247
388249
388251
388254
388256
388260
388266
388267
388271
388273
388275
388286
388293
388300
388310
388312
388313
388318
388319
388321
388322
388326
388338
388345
388346
388348
388358
388365
388369
388370
388373
388375
388387
388398
388399
388410
388414
388416
388418
388423
388437
388446
388448
388452
388454
388457
388461
388465
388470
388477
388479
388482
388483
388487
388489
388494
388495
388498
388500
388507
388513
388514
388518
388519
388522
388523
388526
388529
388538
388539
388548
388555
388560
388561
388564
388565
388571
388577
388588
388591
388606
388610
388625
388628
388629
388631
388634
388636
388637
388638
388639
388640
388642
388646
388651
388656
388659
388661
388663
388669
388671
388672
388678
388679
388681
388682
388683
388693
388699
388700
388712
388725
388726
388731
388732
388733
388735
388738
388749
388756
388762
388765
388769
388770
388772
388773
388775
388781
388788
388796
388811
388813
388814
388825
388836
388841
388846
388848
388849
388852
388854
388864
388869
388870
388879
388880
388898
388900
388905
388912
388920
388925
388929
388930
388932
388933
388937
388938
388939
388940
388942
388947
388948
388952
388953
388958
388961
388966
388968
388971
388973
388979
388981
388983
388995
389003
389012
389017
389018
389029
389036
389039
389041
389044
389055
389056
389071
389078
389081
389082
389085
389086
389090
389101
389105
389111
389113
389116
389117
389123
389124
389134
389140
389141
389143
389144
389160
389162
389166
389173
389177
389189
389197
389199
389213
389229
389231
389232
389238
389239
389240
389265
389271
389279
389282
389298
389299
389303
389305
389306
389310
389324
389326
389330
389332
389337
389338
389339
389345
389346
389352
389353
389354
389359
389362
389369
389374
389375
389389
389394
389398
389408
389409
389410
389415
389417
389418
389423
389425
389435
389446
389448
389450
389452
389453
389456
389457
389459
389464
389477
389478
389480
389482
389486
389487
389488
389494
389504
389507
389508
389509
389511
389513
389518
389522
389526
389529
389535
389538
389542
389551
389556
389557
389558
389561
389563
389570
389584
389586
389590
389593
389601
389605
389614
389623
389628
389631
389637
389643
389648
389653
389661
389668
389673
389689
389701
389704
389705
389706
389720
389721
389729
389731
389738
389741
389742
389752
389762
389768
389776
389787
389793
389795
389796
389797
389816
389817
389823
389830
389832
389834
389838
389849
389851
389852
389854
389861
389864
389865
389872
389874
389875
389880
389882
389887
389891
389897
389902
389907
389920
389924
389927
389938
389940
389949
389952
389954
389959
389963
389973
389974
389975
389979
389980
389985
389986
389988
389991
389997
390006
390008
390014
390017
390018
390023
390024
390029
390030
390035
390036
390039
390043
390051
390052
390053
390062
390065
390067
390070
390075
390077
390083
390087
390090
390092
390095
390098
390102
390104
390105
390108
390111
390112
390116
390118
390129
390145
390155
390156
390164
390167
390170
390171
390174
390178
390180
390182
390183
390190
390193
390195
390213
390214
390217
390221
390225
390244
390252
390259
390262
390267
390272
390275
390278
390284
390285
390290
390294
390295
390301
390302
390306
390309
390311
390318
390323
390325
390326
390339
390340
390343
390345
390348
390353
390356
390361
390362
390368
390373
390377
390381
390383
390393
390396
390400
390403
390406
390412
390417
390429
390430
390438
390445
390456
390457
390458
390466
390473
390478
390485
390500
390504
390507
390517
390523
390525
390540
390542
390553
390556
390558
390565
390566
390580
390592
390598
390599
390600
390606
390607
390612
390621
390623
390624
390625
390628
390634
390636
390637
390640
390641
390653
390657
390659
390665
390666
390672
390673
390674
390675
390676
390678
390680
390682
390691
390695
390711
390728
390730
390735
390739
390740
390744
390754
390759
390761
390767
390768
390773
390774
390776
390789
390796
390798
390802
390805
390810
390814
390821
390823
390824
390825
390831
390833
390835
390838
390843
390844
390850
390851
390854
390855
390870
390871
390880
390890
390895
390896
390900
390901
390909
390912
390916
390923
390924
390927
390929
390933
390950
390953
390956
390965
390969
390971
390975
390976
390983
390989
390990
391002
391004
391005
391012
391013
391023
391031
391039
391041
391046
391054
391060
391066
391074
391078
391092
391097
391099
391109
391111
391113
391118
391129
391133
391135
391137
391141
391143
391144
391154
391162
391163
391167
391174
391176
391177
391184
391192
391195
391196
391197
391199
391200
391203
391209
391214
391215
391216
391223
391226
391228
391232
391237
391240
391243
391250
391253
391254
391257
391265
391269
391276
391278
391286
391297
391303
391308
391311
391320
391329
391330
391332
391341
391351
391352
391355
391359
391368
391379
391384
391393
391398
391399
391403
391405
391406
391411
391412
391416
391418
391420
391423
391427
391429
391430
391432
391433
391442
391449
391451
391456
391457
391458
391462
391464
391466
391467
391469
391472
391473
391474
391481
391483
391489
391491
391501
391504
391516
391519
391521
391522
391525
391528
391529
391533
391538
391539
391546
391549
391551
391560
391575
391582
391584
391590
391592
391593
391594
391597
391598
391609
391610
391623
391625
391627
391629
391630
391632
391637
391641
391650
391657
391658
391661
391662
391663
391666
391667
391670
391674
391677
391687
391690
391692
391696
391703
391707
391712
391716
391719
391722
391724
391727
391728
391730
391740
391741
391744
391750
391753
391758
391764
391765
391771
391783
391794
391811
391812
391821
391823
391824
391825
391837
391844
391846
391847
391848
391850
391861
391866
391870
391882
391887
391893
391897
391901
391904
391909
391923
391924
391926
391927
391939
391942
391943
391944
391950
391954
391960
391975
391981
391998
392000
392001
392007
392013
392014
392016
392019
392023
392024
392028
392033
392038
392041
392042
392043
392046
392049
392053
392057
392060
392067
392069
392080
392086
392106
392109
392110
392122
392126
392128
392129
392137
392138
392143
392153
392154
392160
392162
392164
392180
392193
392209
392212
392216
392218
392221
392226
392243
392249
392251
392252
392254
392255
392265
392271
392276
392286
392289
392292
392297
392303
392304
392306
392313
392318
392320
392328
392329
392335
392336
392339
392341
392349
392350
392351
392357
392358
392361
392364
392365
392368
392373
392375
392378
392380
392382
392385
392389
392390
392396
392399
392400
392403
392408
392411
392415
392421
392422
392425
392429
392433
392434
392438
392446
392461
392463
392483
392485
392487
392489
392496
392498
392501
392508
392518
392526
392530
392534
392541
392547
392549
392550
392557
392560
392570
392584
392587
392597
392598
392603
392614
392616
392618
392621
392631
392636
392642
392647
392649
392653
392655
392667
392669
392676
392677
392686
392689
392701
392704
392705
392708
392712
392715
392719
392722
392724
392729
392730
392731
392747
392752
392753
392754
392756
392758
392763
392764
392766
392782
392784
392788
392789
392798
392799
392803
392808
392824
392827
392830
392834
392837
392838
392843
392853
392855
392858
392865
392868
392883
392885
392886
392887
392890
392893
392898
392904
392905
392907
392917
392931
392932
392935
392949
392951
392966
392971
392983
392991
392994
392997
393010
393013
393021
393026
393031
393032
393044
393047
393052
393073
393074
393076
393084
393097
393128
393131
393135
393136
393138
393149
393152
393162
393164
393166
393175
393182
393184
393189
393191
393192
393210
393211
393215
393225
393230
393233
393238
393247
393251
393253
393261
393262
393263
393267
393268
393270
393272
393275
393283
393289
393297
393305
393313
393314
393316
393318
393323
393328
393330
393333
393350
393358
393359
393363
393365
393369
393371
393392
393394
393399
393401
393414
393415
393420
393424
393435
393447
393449
393452
393462
393464
393466
393471
393480
393486
393491
393493
393497
393499
393503
393515
393522
393523
393531
393535
393541
393552
393557
393577
393581
393591
393605
393610
393620
393627
393635
393638
393640
393649
393650
393652
393653
393659
393660
393661
393668
393677
393697
393701
393705
393708
393725
393729
393734
393743
393746
393751
393752
393756
393761
393764
393765
393768
393770
393771
393772
393773
393777
393781
393792
393797
393800
393801
393807
393808
393818
393819
393824
393825
393826
393828
393840
393842
393848
393849
393850
393851
393852
393860
393869
393871
393874
393876
393879
393887
393888
393899
393907
393910
393917
393921
393924
393925
393930
393933
393936
393943
393950
393959
393963
393971
393985
393988
393990
393995
394000
394001
394059
394065
394066
394069
394072
394075
394077
394078
394079
394082
394083
394087
394088
394091
394092
394098
394100
394104
394110
394116
394125
394126
394127
394133
394137
394139
394143
394145
394150
394165
394167
394168
394172
394173
394175
394177
394190
394194
394201
394211
394214
394215
394227
394233
394235
394237
394240
394241
394249
394250
394252
394253
394255
394261
394263
394289
394295
394317
394322
394323
394330
394331
394336
394352
394355
394358
394362
394368
394369
394370
394378
394388
394389
394393
394396
394400
394419
394426
394430
394432
394435
394439
394440
394449
394454
394457
394473
394476
394483
394488
394490
394492
394496
394501
394506
394507
394525
394528
394531
394533
394538
394542
394547
394549
394554
394558
394568
394570
394574
394576
394579
394580
394587
394594
394603
394609
394613
394619
394627
394633
394634
394635
394638
394642
394644
394647
394653
394654
394656
394661
394668
394670
394672
394680
394681
394692
394696
394700
394702
394706
394709
394710
394711
394714
394715
394716
394719
394724
394728
394738
394739
394746
394750
394757
394758
394762
394764
394772
394773
394775
394776
394788
394798
394801
394808
394818
394823
394832
394835
394836
394837
394841
394848
394851
394858
394861
394862
394875
394889
394890
394891
394896
394905
394906
394907
394908
394916
394919
394927
394928
394929
394941
394949
394966
394969
394977
394978
394984
394985
394988
394997
394998
395011
395015
395019
395021
395027
395038
395045
395046
395048
395049
395052
395056
395062
395074
395078
395080
395083
395088
395091
395095
395096
395098
395105
395106
395111
395113
395122
395123
395124
395132
395137
395139
395144
395149
395154
395157
395158
395166
395170
395174
395189
395192
395193
395196
395201
395202
395212
395216
395218
395220
395235
395242
395244
395252
395255
395259
395264
395273
395277
395284
395285
395286
395290
395294
395296
395306
395308
395309
395311
395314
395317
395323
395329
395331
395338
395347
395348
395352
395356
395359
395362
395363
395369
395372
395380
395395
395396
395401
395404
395405
395408
395410
395416
395428
395430
395436
395439
395444
395464
395475
395477
395481
395482
395494
395495
395497
395500
395504
395508
395510
395511
395522
395525
395530
395535
395539
395546
395547
395548
395551
395552
395558
395567
395568
395571
395572
395577
395592
395606
395611
395612
395618
395620
395624
395627
395628
395630
395635
395637
395642
395647
395653
395656
395657
395658
395669
395671
395675
395679
395680
395692
395695
395704
395712
395714
395729
395733
395734
395737
395740
395747
395752
395758
395763
395765
395766
395776
395780
395785
395796
395806
395811
395824
395829
395830
395834
395838
395845
395847
395861
395865
395872
395878
395888
395891
395899
395904
395911
395912
395918
395920
395945
395947
395950
395963
395968
395984
395986
395987
395991
395998
395999
396000
396003
396007
396010
396013
396015
396017
396019
396024
396025
396037
396042
396044
396045
396046
396055
396056
396059
396073
396074
396077
396078
396081
396082
396087
396092
396108
396117
396118
396121
396129
396139
396143
396154
396157
396159
396164
396170
396175
396180
396181
396184
396185
396197
396205
396212
396215
396219
396221
396233
396236
396239
396243
396244
396247
396248
396249
396253
396255
396260
396264
396278
396279
396281
396282
396284
396285
396289
396300
396315
396316
396324
396327
396328
396329
396330
396331
396332
396349
396352
396369
396370
396376
396379
396381
396385
396392
396396
396403
396407
396409
396411
396413
396426
396444
396449
396454
396459
396460
396462
396463
396474
396480
396485
396495
396502
396503
396508
396512
396520
396526
396529
396536
396539
396541
396542
396543
396558
396560
396562
396581
396582
396594
396600
396609
396615
396618
396625
396638
396651
396652
396660
396662
396664
396667
396668
396675
396679
396683
396684
396689
396691
396696
396698
396702
396712
396719
396720
396721
396723
396727
396732
396736
396737
396738
396742
396758
396761
396770
396775
396792
396794
396797
396799
396800
396802
396807
396810
396812
396822
396828
396832
396835
396843
396848
396851
396862
396877
396880
396884
396885
396905
396910
396919
396921
396924
396927
396929
396933
396948
396950
396960
396963
396973
396978
396980
396982
396987
396991
396993
397001
397002
397004
397009
397011
397013
397016
397022
397023
397033
397034
397035
397043
397045
397047
397055
397065
397069
397070
397071
397073
397078
397079
397084
397087
397088
397094
397095
397100
397111
397114
397115
397119
397121
397158
397160
397163
397165
397169
397171
397178
397179
397182
397189
397194
397195
397196
397197
397200
397203
397204
397209
397210
397211
397213
397221
397225
397228
397231
397237
397239
397240
397243
397244
397253
397264
397265
397272
397279
397282
397283
397290
397293
397295
397308
397311
397318
397319
397322
397333
397335
397341
397350
397353
397356
397360
397367
397371
397384
397402
397405
397411
397413
397415
397427
397429
397432
397436
397450
397457
397461
397467
397482
397487
397493
397503
397508
397512
397515
397525
397529
397531
397541
397543
397551
397557
397573
397575
397581
397584
397604
397606
397608
397609
397625
397632
397635
397640
397644
397648
397651
397654
397657
397661
397664
397673
397685
397688
397693
397702
397705
397710
397711
397714
397715
397716
397718
397735
397740
397741
397748
397750
397756
397759
397761
397762
397770
397779
397784
397785
397787
397788
397789
397793
397808
397809
397811
397812
397815
397817
397823
397832
397835
397840
397845
397859
397860
397861
397862
397865
397866
397878
397885
397888
397889
397898
397900
397902
397904
397907
397917
397923
397924
397929
397930
397931
397932
397935
397942
397943
397955
397957
397961
397962
397966
397967
397972
397981
397983
397984
397990
397992
397998
398007
398009
398010
398016
398024
398032
398033
398037
398038
398040
398047
398053
398066
398071
398083
398084
398094
398101
398104
398105
398115
398118
398119
398126
398131
398132
398133
398139
398141
398142
398154
398155
398156
398161
398164
398165
398168
398171
398189
398190
398193
398201
398203
398207
398208
398219
398221
398227
398239
398242
398249
398263
398264
398269
398271
398285
398287
398293
398302
398316
398319
398320
398327
398328
398331
398333
398336
398343
398347
398348
398350
398362
398371
398380
398384
398385
398386
398390
398391
398397
398402
398407
398408
398410
398411
398418
398422
398425
398427
398433
398435
398451
398460
398469
398480
398484
398488
398495
398499
398501
398502
398504
398512
398513
398518
398521
398522
398527
398534
398539
398542
398554
398555
398560
398564
398565
398566
398568
398571
398572
398591
398593
398599
398615
398627
398628
398635
398647
398661
398662
398667
398668
398671
398674
398681
398682
398683
398685
398687
398704
398707
398709
398712
398716
398718
398719
398722
398725
398726
398731
398732
398742
398749
398755
398756
398758
398760
398762
398763
398769
398775
398776
398778
398783
398784
398791
398804
398807
398811
398819
398821
398825
398828
398832
398834
398839
398842
398843
398850
398854
398860
398861
398864
398865
398867
398868
398870
398873
398876
398882
398908
398910
398914
398920
398922
398924
398925
398940
398944
398948
398950
398951
398953
398954
398958
398974
398979
398997
398998
399008
399014
399016
399022
399027
399029
399033
399039
399041
399043
399049
399050
399052
399053
399055
399061
399062
399063
399065
399066
399078
399083
399087
399096
399101
399105
399107
399113
399116
399118
399140
399143
399147
399151
399153
399164
399166
399172
399173
399177
399187
399191
399204
399212
399214
399227
399229
399237
399249
399250
399255
399264
399269
399274
399277
399288
399299
399309
399311
399312
399313
399316
399318
399319
399324
399334
399338
399342
399343
399345
399353
399356
399358
399362
399365
399368
399369
399370
399372
399374
399381
399388
399390
399391
399393
399396
399398
399402
399404
399409
399412
399427
399428
399430
399433
399437
399441
399448
399452
399453
399456
399468
399470
399474
399489
399491
399494
399496
399505
399507
399510
399525
399550
399553
399561
399571
399573
399577
399580
399582
399585
399588
399589
399591
399593
399594
399596
399598
399602
399605
399606
399614
399615
399617
399619
399626
399630
399641
399654
399660
399663
399664
399692
399698
399711
399712
399714
399715
399716
399722
399726
399731
399739
399741
399746
399751
399752
399754
399771
399774
399780
399782
399784
399803
399805
399807
399815
399823
399824
399827
399828
399832
399834
399841
399847
399855
399856
399863
399865
399870
399872
399880
399883
399888
399892
399899
399904
399906
399907
399908
399917
399918
399925
399926
399929
399933
399937
399957
399982
399990
400005
400006
400008
400010
400011
400015
400021
400024
400028
400031
400032
400033
400035
400037
400040
400041
400043
400048
400049
400055
400057
400059
400065
400067
400072
400076
400082
400088
400096
400101
400102
400104
400107
400110
400113
400119
400126
400136
400138
400140
400141
400144
400147
400148
400149
400158
400163
400164
400175
400182
400184
400187
400188
400195
400197
400198
400205
400206
400215
400219
400227
400232
400242
400244
400247
400248
400255
400265
400270
400271
400280
400281
400285
400286
400288
400319
400322
400324
400329
400332
400336
400344
400345
400347
400362
400366
400377
400392
400405
400407
400409
400412
400422
400428
400433
400437
400441
400449
400450
400455
400456
400457
400486
400495
400498
400502
400503
400504
400508
400516
400518
400519
400521
400524
400528
400543
400555
400560
400564
400572
400578
400584
400587
400598
400599
400604
400612
400620
400624
400637
400641
400645
400650
400657
400666
400670
400673
400678
400681
400684
400694
400695
400697
400700
400701
400703
400707
400709
400716
400718
400725
400727
400728
400736
400741
400744
400745
400746
400747
400749
400751
400761
400774
400780
400785
400787
400795
400806
400811
400815
400821
400832
400834
400837
400838
400844
400852
400854
400864
400877
400884
400894
400897
400903
400910
400912
400917
400921
400927
400934
400942
400945
400962
400967
400969
400971
400977
400978
400979
400984
400987
400988
400998
401000
401002
401025
401031
401033
401039
401043
401045
401050
401052
401054
401056
401057
401063
401064
401067
401071
401074
401075
401082
401083
401091
401093
401098
401105
401108
401113
401114
401117
401121
401131
401132
401133
401138
401141
401149
401159
401163
401164
401169
401172
401177
401184
401185
401186
401196
401197
401204
401218
401219
401222
401223
401227
401233
401234
401236
401239
401249
401251
401256
401263
401275
401278
401282
401284
401286
401289
401291
401295
401299
401303
401308
401313
401314
401315
401320
401324
401326
401327
401328
401329
401336
401337
401345
401352
401353
401363
401364
401372
401377
401384
401385
401392
401397
401398
401401
401409
401412
401415
401416
401418
401420
401424
401425
401428
401433
401441
401446
401454
401456
401460
401464
401469
401477
401478
401481
401482
401491
401498
401503
401507
401509
401517
401518
401523
401533
401535
401547
401550
401552
401556
401557
401558
401562
401564
401566
401567
401575
401580
401588
401589
401594
401596
401600
401608
401610
401613
401615
401617
401618
401622
401623
401624
401627
401635
401640
401644
401650
401651
401655
401659
401673
401675
401676
401689
401691
401697
401699
401700
401701
401703
401706
401707
401709
401710
401712
401713
401715
401719
401722
401730
401732
401739
401752
401753
401759
401765
401771
401773
401779
401781
401782
401791
401792
401803
401804
401818
401821
401822
401824
401831
401837
401838
401844
401852
401854
401855
401863
401864
401867
401868
401873
401876
401877
401879
401881
401883
401890
401895
401905
401910
401915
401918
401919
401934
401944
401946
401952
401953
401958
401967
401972
401978
401981
401992
401995
401996
401998
402000
402002
402004
402006
402011
402017
402019
402026
402029
402033
402034
402035
402047
402056
402064
402077
402081
402085
402087
402088
402089
402090
402091
402098
402100
402102
402107
402114
402117
402121
402123
402125
402126
402127
402128
402129
402135
402139
402140
402141
402142
402143
402145
402151
402152
402153
402154
402155
402163
402169
402173
402174
402187
402189
402197
402201
402206
402212
402216
402224
402230
402236
402241
402242
402247
402249
402250
402261
402262
402268
402269
402284
402286
402287
402295
402305
402308
402315
402316
402318
402323
402325
402326
402335
402336
402338
402339
402342
402348
402353
402363
402365
402368
402371
402378
402393
402398
402408
402413
402415
402416
402420
402421
402423
402424
402425
402434
402442
402448
402449
402453
402468
402470
402473
402475
402483
402485
402488
402491
402493
402497
402500
402503
402504
402506
402507
402514
402516
402520
402521
402522
402534
402540
402541
402543
402548
402553
402558
402566
402567
402569
402572
402587
402588
402591
402593
402611
402613
402622
402623
402628
402630
402633
402642
402648
402652
402653
402659
402669
402678
402680
402684
402693
402694
402695
402699
402702
402704
402705
402708
402710
402715
402720
402725
402727
402741
402743
402745
402754
402760
402767
402768
402772
402773
402774
402775
402780
402785
402787
402788
402790
402801
402804
402808
402811
402818
402819
402822
402823
402828
402834
402838
402839
402842
402846
402847
402851
402853
402865
402866
402869
402873
402894
402895
402901
402905
402906
402907
402917
402918
402924
402927
402930
402931
402937
402944
402952
402955
402961
402968
402978
402983
402989
402991
402992
402995
402996
403008
403022
403024
403027
403034
403037
403039
403045
403049
403053
403054
403058
403062
403071
403073
403074
403081
403083
403100
403104
403109
403110
403115
403117
403118
403125
403128
403131
403133
403136
403138
403139
403141
403142
403150
403152
403155
403157
403163
403166
403167
403170
403174
403177
403182
403184
403193
403194
403195
403198
403201
403204
403205
403209
403218
403220
403221
403225
403229
403238
403240
403247
403253
403262
403264
403266
403271
403274
403278
403281
403283
403284
403290
403291
403300
403316
403322
403326
403330
403351
403362
403363
403367
403369
403382
403384
403392
403395
403397
403404
403420
403422
403424
403425
403427
403433
403441
403442
403444
403450
403452
403453
403454
403458
403463
403467
403469
403478
403479
403485
403489
403491
403495
403504
403507
403509
403515
403519
403543
403549
403552
403556
403557
403566
403567
403568
403577
403579
403580
403585
403587
403588
403589
403593
403595
403596
403599
403603
403607
403608
403624
403630
403631
403633
403641
403646
403649
403655
403656
403662
403666
403671
403673
403674
403676
403684
403685
403691
403702
403708
403713
403719
403725
403730
403733
403735
403738
403740
403743
403744
403748
403749
403750
403751
403759
403761
403762
403764
403765
403773
403774
403776
403777
403778
403779
403780
403783
403791
403801
403802
403804
403812
403817
403818
403821
403827
403828
403834
403835
403836
403847
403855
403860
403861
403863
403868
403881
403884
403890
403893
403908
403909
403912
403916
403919
403920
403931
403932
403939
403941
403946
403953
403955
403956
403965
403968
403970
403982
403985
403988
403989
403990
403993
403998
404001
404007
404012
404014
404025
404029
404034
404035
404037
404039
404058
404059
404060
404071
404073
404075
404084
404089
404091
404092
404094
404095
404096
404103
404105
404109
404110
404115
404121
404124
404126
404129
404130
404135
404137
404139
404141
404147
404154
404162
404165
404166
404171
404180
404181
404191
404195
404197
404203
404215
404216
404218
404220
404223
404233
404242
404243
404247
404258
404265
404272
404281
404294
404297
404304
404306
404307
404318
404319
404322
404324
404326
404331
404339
404344
404350
404356
404358
404365
404373
404374
404382
404386
404390
404396
404397
404400
404414
404430
404437
404438
404442
404445
404446
404457
404463
404467
404475
404476
404480
404483
404485
404490
404495
404496
404502
404506
404512
404524
404528
404534
404554
404558
404568
404583
404589
404592
404603
404605
404616
404631
404633
404650
404652
404659
404660
404663
404665
404674
404675
404677
404680
404684
404689
404691
404692
404698
404704
404716
404723
404735
404737
404739
404740
404741
404750
404759
404765
404768
404772
404775
404779
404780
404781
404785
404787
404790
404791
404796
404805
404810
404817
404824
404826
404827
404832
404833
404834
404836
404849
404854
404856
404857
404864
404866
404873
404877
404881
404883
404885
404889
404894
404900
404909
404911
404918
404928
404929
404930
404934
404960
404961
404966
404973
404978
404979
405000
405002
405006
405011
405014
405016
405018
405021
405026
405030
405039
405041
405046
405050
405056
405059
405061
405070
405073
405074
405080
405084
405092
405121
405124
405125
405132
405134
405136
405137
405139
405143
405144
405148
405149
405151
405154
405157
405160
405165
405172
405181
405182
405184
405188
405193
405197
405198
405200
405202
405203
405211
405212
405213
405219
405223
405225
405229
405234
405241
405245
405248
405256
405262
405266
405267
405272
405273
405276
405295
405300
405302
405305
405311
405317
405333
405340
405342
405343
405349
405359
405363
405364
405371
405382
405384
405390
405392
405394
405395
405414
405415
405422
405423
405427
405437
405441
405445
405448
405453
405455
405456
405457
405460
405463
405469
405472
405475
405477
405478
405479
405480
405501
405506
405523
405525
405526
405534
405538
405542
405545
405549
405551
405556
405558
405561
405571
405578
405586
405592
405594
405601
405608
405609
405619
405627
405638
405640
405647
405649
405669
405676
405679
405680
405693
405699
405700
405709
405714
405721
405731
405732
405736
405738
405744
405770
405776
405781
405784
405794
405796
405798
405799
405801
405806
405807
405808
405810
405815
405818
405848
405854
405864
405866
405870
405895
405897
405902
405903
405905
405908
405917
405932
405939
405940
405943
405950
405954
405957
405967
405970
405973
405981
405982
405988
405994
405997
406000
406001
406004
406007
406012
406016
406020
406021
406030
406033
406053
406060
406061
406075
406076
406089
406093
406097
406098
406100
406110
406111
406120
406123
406126
406139
406141
406145
406147
406148
406153
406158
406161
406168
406173
406176
406177
406181
406182
406188
406195
406196
406199
406200
406208
406209
406212
406215
406216
406225
406234
406247
406251
406255
406267
406270
406271
406276
406277
406278
406281
406282
406294
406301
406302
406305
406308
406311
406317
406325
406327
406330
406333
406336
406338
406343
406344
406346
406348
406358
406372
406374
406377
406379
406382
406385
406390
406391
406392
406394
406395
406406
406409
406410
406411
406416
406418
406424
406425
406426
406432
406434
406436
406437
406440
406441
406446
406451
406455
406456
406458
406462
406464
406466
406471
406472
406474
406475
406477
406479
406494
406496
406500
406504
406505
406507
406509
406515
406521
406523
406528
406530
406536
406538
406542
406544
406554
406559
406567
406575
406580
406585
406587
406589
406597
406598
406599
406603
406604
406624
406625
406627
406650
406652
406662
406663
406677
406678
406679
406681
406686
406688
406690
406694
406702
406703
406712
406713
406715
406719
406722
406724
406729
406738
406739
406748
406751
406766
406769
406771
406773
406780
406787
406788
406789
406806
406809
406812
406814
406815
406819
406826
406829
406832
406833
406837
406838
406840
406842
406849
406852
406853
406858
406862
406872
406874
406888
406893
406899
406900
406901
406910
406918
406922
406923
406928
406931
406959
406973
406982
406983
406988
406995
407005
407006
407009
407015
407017
407023
407029
407041
407049
407082
407084
407086
407088
407100
407111
407113
407118
407119
407124
407125
407129
407134
407142
407149
407154
407158
407161
407163
407171
407178
407180
407185
407186
407190
407198
407200
407205
407206
407208
407215
407216
407221
407222
407228
407230
407231
407232
407233
407236
407238
407243
407246
407251
407262
407263
407266
407274
407277
407287
407289
407297
407305
407306
407315
407322
407331
407333
407339
407340
407350
407351
407357
407361
407365
407367
407376
407381
407382
407387
407420
407425
407427
407430
407434
407435
407445
407456
407461
407466
407468
407469
407475
407480
407487
407490
407493
407496
407498
407504
407507
407511
407521
407530
407532
407539
407546
407554
407558
407562
407563
407565
407568
407577
407583
407589
407596
407597
407601
407605
407606
407608
407610
407611
407615
407616
407627
407633
407637
407638
407651
407654
407665
407669
407677
407681
407685
407693
407698
407704
407706
407717
407720
407728
407731
407737
407739
407742
407745
407746
407749
407758
407759
407762
407764
407767
407768
407776
407782
407785
407786
407791
407793
407794
407796
407805
407813
407816
407823
407824
407841
407845
407849
407855
407859
407864
407866
407867
407875
407876
407889
407891
407904
407915
407916
407924
407925
407926
407928
407953
407955
407956
407959
407964
407970
407972
407977
407979
407982
407988
407989
407995
407996
407997
407998
408016
408020
408034
408041
408043
408045
408047
408076
408083
408084
408089
408090
408093
408099
408102
408108
408117
408120
408121
408125
408126
408127
408131
408133
408137
408139
408144
408148
408149
408152
408153
408158
408159
408162
408183
408194
408196
408201
408205
408206
408210
408212
408215
408221
408223
408230
408233
408235
408237
408246
408254
408255
408259
408267
408268
408276
408277
408287
408296
408298
408303
408304
408309
408312
408313
408316
408319
408325
408331
408334
408335
408338
408339
408341
408343
408360
408367
408369
408373
408382
408388
408390
408392
408395
408396
408419
408421
408422
408426
408430
408451
408466
408471
408473
408496
408497
408500
408504
408519
408523
408530
408532
408542
408545
408549
408551
408559
408566
408567
408570
408572
408574
408585
408591
408593
408594
408595
408598
408599
408600
408609
408616
408625
408626
408628
408629
408630
408633
408638
408642
408647
408654
408659
408663
408669
408672
408675
408680
408687
408690
408695
408697
408709
408711
408714
408716
408719
408723
408728
408730
408731
408742
408745
408747
408750
408751
408752
408753
408763
408764
408777
408784
408786
408789
408795
408797
408801
408802
408807
408810
408812
408815
408818
408819
408820
408824
408832
408842
408855
408857
408861
408864
408871
408873
408875
408876
408878
408882
408885
408886
408887
408888
408889
408891
408897
408902
408911
408926
408931
408934
408935
408939
408940
408954
408957
408962
408965
408974
408976
408982
408987
408998
409005
409009
409029
409030
409033
409044
409045
409070
409071
409081
409082
409087
409100
409102
409107
409111
409112
409115
409124
409130
409131
409132
409134
409144
409147
409156
409167
409169
409175
409177
409187
409196
409198
409200
409207
409211
409215
409219
409223
409226
409227
409228
409229
409230
409244
409254
409257
409259
409262
409264
409270
409273
409276
409278
409281
409282
409287
409290
409295
409305
409306
409310
409311
409315
409316
409322
409325
409328
409329
409335
409341
409343
409345
409346
409351
409360
409363
409367
409379
409388
409389
409395
409396
409398
409410
409414
409417
409418
409423
409426
409427
409440
409443
409458
409459
409462
409466
409469
409470
409476
409489
409517
409522
409523
409528
409539
409541
409542
409543
409546
409547
409554
409561
409563
409567
409569
409571
409574
409576
409581
409582
409583
409586
409588
409595
409600
409618
409620
409621
409624
409629
409630
409636
409642
409647
409649
409652
409654
409655
409658
409665
409674
409677
409681
409692
409719
409721
409722
409726
409731
409756
409772
409773
409777
409779
409787
409789
409799
409801
409804
409810
409832
409833
409834
409838
409842
409851
409853
409860
409866
409869
409871
409874
409875
409876
409884
409887
409894
409896
409900
409916
409925
409926
409932
409935
409937
409943
409944
409947
409950
409953
409959
409960
409984
409985
409986
409988
409990
409996
409998
410000
410001
410011
410015
410018
410019
410020
410021
410029
410033
410047
410051
410057
410072
410080
410081
410084
410089
410093
410100
410105
410119
410123
410127
410131
410136
410143
410144
410152
410154
410157
410158
410159
410164
410166
410171
410178
410179
410182
410186
410192
410200
410202
410205
410206
410214
410215
410216
410230
410231
410235
410241
410248
410261
410264
410269
410271
410274
410279
410288
410292
410298
410299
410300
410303
410314
410335
410339
410340
410346
410347
410356
410359
410364
410376
410378
410392
410394
410395
410401
410405
410411
410428
410438
410447
410454
410471
410472
410474
410479
410484
410491
410500
410506
410507
410511
410512
410514
410515
410519
410528
410530
410531
410533
410535
410537
410547
410548
410557
410559
410563
410566
410567
410573
410574
410575
410577
410588
410589
410590
410593
410598
410600
410615
410626
410628
410629
410631
410639
410644
410651
410659
410661
410672
410678
410679
410681
410683
410693
410699
410701
410702
410709
410711
410715
410725
410731
410733
410734
410738
410764
410766
410771
410774
410779
410783
410784
410789
410790
410796
410798
410804
410805
410807
410808
410820
410823
410826
410829
410833
410834
410835
410841
410847
410851
410856
410859
410861
410864
410870
410876
410888
410891
410897
410902
410906
410907
410911
410915
410918
410919
410924
410925
410932
410933
410934
410948
410955
410965
410970
410977
410980
410981
410984
410988
410993
410994
410996
410997
411012
411020
411028
411046
411051
411056
411060
411061
411062
411065
411071
411076
411077
411082
411092
411095
411096
411107
411112
411120
411121
411130
411132
411134
411138
411144
411148
411158
411160
411168
411174
411178
411189
411193
411202
411207
411210
411215
411217
411218
411221
411223
411229
411239
411241
411244
411259
411267
411271
411286
411288
411291
411292
411293
411294
411295
411302
411303
411305
411311
411314
411322
411328
411342
411343
411348
411352
411354
411355
411358
411359
411362
411363
411364
411370
411373
411375
411376
411384
411389
411391
411396
411398
411400
411409
411410
411416
411417
411424
411428
411429
411430
411436
411443
411450
411457
411458
411464
411472
411483
411485
411487
411499
411517
411537
411542
411543
411545
411554
411563
411567
411570
411571
411582
411587
411590
411598
411599
411603
411604
411624
411626
411628
411632
411634
411638
411654
411655
411673
411674
411683
411685
411688
411689
411695
411699
411705
411708
411723
411731
411733
411735
411736
411738
411743
411744
411748
411754
411763
411775
411776
411783
411786
411792
411797
411798
411800
411805
411807
411808
411814
411816
411817
411822
411825
411827
411832
411842
411845
411849
411851
411864
411871
411872
411877
411883
411884
411885
411887
411897
411905
411908
411909
411911
411921
411922
411932
411937
411938
411940
411946
411948
411950
411952
411965
411969
411971
411972
411980
411993
411994
411996
412009
412010
412013
412015
412021
412024
412029
412034
412037
412040
412045
412046
412058
412059
412062
412068
412073
412077
412078
412083
412087
412088
412089
412091
412095
412104
412105
412111
412119
412123
412124
412137
412140
412143
412146
412156
412159
412163
412165
412168
412173
412184
412191
412192
412197
412200
412205
412206
412209
412210
412216
412219
412223
412224
412226
412234
412236
412240
412255
412260
412262
412265
412267
412268
412269
412271
412274
412275
412290
412302
412304
412305
412313
412314
412320
412324
412327
412329
412334
412356
412358
412361
412362
412371
412372
412382
412383
412389
412391
412399
412400
412402
412405
412414
412418
412421
412425
412434
412443
412444
412453
412459
412463
412474
412478
412480
412481
412482
412497
412503
412504
412505
412506
412516
412522
412523
412524
412531
412533
412542
412543
412547
412549
412550
412552
412556
412563
412565
412567
412575
412578
412579
412581
412593
412595
412596
412601
412606
412607
412609
412611
412612
412615
412620
412621
412639
412643
412645
412647
412649
412650
412653
412656
412658
412660
412662
412668
412671
412672
412673
412677
412679
412683
412689
412694
412695
412696
412699
412702
412710
412740
412743
412749
412758
412762
412766
412778
412781
412784
412789
412794
412797
412798
412807
412814
412820
412826
412832
412833
412836
412839
412841
412847
412848
412862
412869
412876
412883
412886
412892
412896
412906
412918
412928
412941
412943
412944
412946
412953
412954
412972
412974
412978
412981
412984
412985
412986
412993
412997
412999
413000
413016
413020
413026
413032
413035
413041
413042
413062
413063
413066
413073
413076
413080
413084
413090
413092
413094
413100
413101
413106
413115
413118
413119
413138
413140
413144
413153
413154
413163
413166
413168
413173
413175
413180
413187
413191
413196
413197
413202
413204
413206
413207
413209
413215
413217
413219
413227
413232
413242
413243
413245
413248
413257
413263
413272
413274
413276
413295
413311
413313
413314
413322
413336
413340
413347
413350
413359
413361
413365
413373
413375
413376
413382
413391
413397
413399
413404
413407
413413
413415
413418
413421
413441
413448
413453
413454
413456
413460
413465
413472
413486
413491
413495
413496
413500
413501
413504
413512
413515
413517
413532
413539
413540
413546
413547
413553
413562
413565
413568
413588
413589
413596
413598
413599
413600
413605
413612
413619
413622
413627
413634
413636
413637
413639
413643
413645
413648
413652
413653
413654
413663
413687
413688
413691
413692
413698
413699
413705
413706
413708
413711
413712
413715
413729
413730
413746
413747
413754
413758
413765
413779
413782
413783
413784
413785
413805
413809
413815
413816
413818
413831
413835
413846
413847
413855
413862
413863
413867
413873
413874
413879
413896
413897
413904
413908
413911
413921
413925
413928
413929
413931
413933
413934
413936
413941
413952
413965
413967
413977
413980
413990
413998
414003
414011
414015
414023
414026
414043
414047
414056
414063
414069
414070
414084
414086
414087
414088
414096
414097
414099
414100
414101
414103
414108
414109
414120
414127
414129
414131
414132
414133
414139
414152
414156
414160
414163
414165
414174
414179
414180
414185
414201
414203
414216
414218
414224
414225
414234
414236
414237
414238
414241
414243
414244
414246
414254
414256
414262
414263
414264
414265
414267
414268
414276
414286
414290
414293
414297
414305
414307
414308
414310
414312
414316
414318
414322
414323
414326
414328
414329
414332
414339
414343
414351
414353
414356
414358
414363
414369
414386
414388
414391
414394
414403
414414
414415
414423
414427
414428
414429
414436
414450
414454
414459
414461
414462
414465
414468
414470
414471
414480
414505
414520
414523
414528
414533
414542
414544
414545
414550
414553
414555
414563
414568
414577
414580
414581
414583
414585
414586
414587
414593
414604
414609
414616
414618
414619
414629
414631
414633
414635
414638
414643
414645
414646
414661
414662
414672
414679
414680
414681
414684
414688
414693
414695
414696
414699
414700
414711
414713
414716
414723
414728
414730
414752
414754
414756
414763
414764
414773
414781
414794
414802
414803
414808
414810
414820
414825
414833
414836
414838
414843
414845
414848
414851
414852
414858
414862
414864
414866
414868
414880
414883
414884
414895
414901
414909
414910
414913
414918
414924
414930
414936
414948
414961
414962
414965
414967
414968
414973
414975
414979
414982
414990
414996
415001
415006
415007
415016
415017
415025
415033
415034
415042
415044
415045
415053
415055
415058
415059
415068
415069
415073
415080
415114
415117
415118
415119
415121
415122
415125
415136
415140
415146
415147
415157
415158
415161
415166
415173
415175
415179
415180
415190
415193
415201
415206
415207
415210
415211
415219
415220
415221
415224
415233
415234
415235
415237
415249
415253
415256
415260
415261
415267
415270
415272
415289
415292
415299
415303
415305
415318
415323
415324
415327
415338
415355
415360
415364
415367
415370
415374
415383
415384
415385
415386
415388
415393
415400
415407
415414
415415
415417
415418
415425
415430
415438
415446
415451
415454
415459
415466
415467
415477
415479
415480
415487
415495
415496
415497
415507
415511
415515
415529
415538
415541
415545
415548
415557
415558
415560
415574
415578
415580
415602
415605
415614
415617
415619
415626
415642
415646
415656
415657
415658
415671
415675
415683
415706
415710
415711
415713
415717
415718
415719
415733
415736
415738
415742
415747
415752
415753
415755
415758
415759
415768
415773
415774
415778
415783
415786
415808
415810
415811
415813
415814
415816
415817
415818
415826
415827
415831
415836
415839
415840
415842
415843
415844
415859
415860
415877
415885
415887
415894
415895
415902
415911
415915
415917
415921
415939
415943
415945
415948
415949
415953
415961
415972
415978
415981
415991
415993
415994
415995
416005
416006
416007
416013
416015
416025
416028
416029
416030
416031
416039
416043
416046
416049
416055
416060
416064
416069
416071
416075
416089
416104
416108
416109
416114
416116
416121
416122
416130
416131
416132
416136
416142
416145
416147
416158
416160
416162
416163
416169
416173
416174
416175
416194
416203
416205
416211
416216
416217
416220
416225
416229
416230
416231
416232
416235
416247
416252
416253
416256
416258
416260
416262
416263
416272
416274
416279
416280
416282
416286
416290
416296
416314
416315
416317
416322
416324
416329
416331
416333
416335
416339
416341
416343
416350
416353
416356
416357
416366
416372
416375
416382
416384
416386
416388
416392
416402
416404
416405
416407
416410
416422
416427
416430
416431
416438
416440
416445
416452
416453
416461
416466
416474
416475
416487
416488
416495
416496
416497
416507
416508
416512
416515
416519
416521
416536
416537
416543
416545
416548
416551
416553
416560
416567
416571
416585
416599
416600
416605
416608
416612
416622
416633
416634
416638
416652
416658
416659
416663
416664
416666
416670
416676
416680
416685
416689
416691
416693
416699
416702
416709
416723
416728
416732
416733
416735
416744
416749
416752
416756
416767
416774
416775
416776
416783
416785
416786
416798
416811
416825
416828
416840
416842
416850
416853
416856
416858
416860
416867
416869
416872
416876
416887
416893
416901
416905
416914
416920
416921
416925
416929
416930
416935
416936
416956
416957
416958
416966
416973
416980
416982
416985
416986
416987
416988
416989
416992
416994
416995
417002
417011
417013
417015
417023
417024
417026
417038
417040
417042
417051
417055
417057
417070
417071
417072
417078
417079
417084
417088
417093
417101
417106
417109
417121
417129
417141
417150
417151
417166
417180
417181
417200
417209
417210
417211
417215
417218
417220
417225
417232
417233
417236
417237
417238
417239
417242
417244
417246
417248
417250
417263
417268
417279
417280
417283
417296
417299
417300
417308
417315
417320
417321
417335
417350
417353
417354
417362
417367
417374
417380
417394
417403
417409
417411
417412
417427
417430
417437
417439
417445
417451
417453
417455
417457
417458
417465
417475
417477
417481
417487
417488
417489
417492
417493
417495
417503
417507
417511
417514
417517
417519
417521
417522
417523
417529
417538
417539
417543
417553
417560
417562
417564
417566
417570
417571
417582
417586
417596
417598
417603
417608
417614
417616
417620
417625
417630
417633
417634
417635
417637
417639
417641
417646
417650
417651
417652
417657
417660
417661
417669
417671
417675
417685
417691
417695
417697
417700
417704
417705
417715
417718
417722
417729
417730
417731
417732
417737
417743
417746
417754
417759
417766
417774
417777
417795
417796
417797
417800
417803
417806
417815
417817
417820
417821
417823
417824
417825
417829
417840
417841
417842
417843
417849
417851
417854
417871
417879
417886
417888
417890
417891
417898
417905
417907
417908
417910
417916
417920
417930
417937
417940
417941
417951
417952
417956
417961
417964
417965
417966
417971
417986
417987
417988
417993
418002
418005
418017
418021
418025
418027
418031
418033
418040
418043
418047
418050
418052
418053
418058
418065
418066
418073
418079
418085
418086
418091
418101
418111
418113
418123
418127
418129
418139
418143
418152
418153
418159
418164
418165
418166
418171
418179
418187
418197
418198
418202
418211
418214
418217
418231
418234
418238
418239
418241
418259
418265
418266
418280
418282
418284
418286
418287
418288
418290
418295
418296
418312
418315
418320
418323
418330
418349
418353
418354
418359
418370
418371
418378
418383
418389
418390
418394
418400
418402
418405
418425
418430
418431
418432
418437
418443
418448
418451
418454
418458
418459
418468
418474
418476
418484
418485
418493
418503
418505
418509
418519
418524
418534
418540
418542
418543
418544
418549
418571
418574
418584
418589
418592
418599
418601
418605
418616
418617
418625
418626
418633
418636
418642
418644
418645
418646
418662
418673
418675
418676
418678
418680
418682
418683
418687
418689
418693
418703
418706
418710
418712
418717
418721
418722
418727
418731
418734
418747
418754
418756
418758
418759
418763
418771
418772
418776
418780
418785
418791
418794
418796
418797
418808
418814
418818
418827
418834
418836
418839
418840
418841
418846
418847
418855
418856
418857
418859
418862
418863
418865
418867
418868
418872
418873
418881
418884
418892
418895
418897
418898
418900
418909
418922
418926
418929
418930
418931
418933
418936
418938
418942
418947
418950
418953
418954
418966
418971
418976
418978
418979
418996
418998
419003
419019
419020
419024
419027
419028
419029
419033
419037
419043
419048
419050
419053
419054
419055
419056
419059
419062
419078
419087
419091
419097
419104
419109
419111
419113
419115
419116
419119
419127
419129
419135
419139
419149
419152
419155
419160
419161
419165
419170
419171
419172
419176
419177
419182
419184
419188
419197
419198
419206
419208
419210
419214
419219
419222
419227
419228
419242
419246
419247
419248
419251
419253
419255
419261
419266
419269
419273
419275
419278
419280
419282
419288
419294
419297
419302
419310
419312
419316
419317
419320
419326
419328
419332
419333
419339
419343
419344
419350
419358
419359
419367
419371
419375
419382
419387
419390
419395
419400
419408
419412
419414
419422
419425
419428
419430
419432
419441
419442
419444
419447
419448
419454
419455
419460
419469
419472
419480
419484
419490
419496
419497
419499
419504
419506
419510
419511
419518
419535
419537
419542
419543
419546
419548
419554
419555
419559
419567
419577
419578
419580
419581
419582
419584
419589
419594
419598
419599
419600
419603
419604
419605
419608
419611
419616
419617
419621
419622
419623
419627
419628
419632
419634
419637
419638
419642
419647
419649
419651
419652
419655
419659
419662
419667
419670
419672
419678
419680
419685
419691
419693
419696
419700
419701
419702
419703
419709
419715
419718
419719
419721
419723
419729
419733
419735
419736
419742
419743
419748
419752
419754
419756
419757
419767
419770
419771
419774
419781
419784
419795
419800
419802
419807
419815
419819
419824
419827
419831
419833
419834
419840
419842
419844
419846
419847
419850
419853
419855
419857
419861
419862
419872
419885
419891
419894
419899
419904
419915
419918
419934
419937
419940
419942
419943
419950
419951
419953
419961
419966
419969
419981
419987
419995
420002
420006
420010
420014
420026
420035
420036
420040
420044
420052
420055
420057
420060
420061
420067
420069
420071
420078
420087
420088
420089
420095
420097
420105
420106
420116
420121
420133
420134
420136
420138
420139
420150
420151
420154
420180
420188
420191
420192
420198
420200
420205
420208
420212
420214
420215
420216
420222
420226
420229
420234
420235
420238
420244
420246
420252
420253
420254
420276
420279
420283
420292
420293
420294
420299
420300
420301
420307
420312
420314
420323
420324
420334
420337
420339
420340
420341
420343
420358
420359
420361
420362
420365
420368
420370
420374
420377
420379
420383
420388
420390
420393
420414
420419
420421
420426
420430
420434
420439
420440
420445
420448
420456
420457
420473
420475
420497
420505
420507
420508
420526
420528
420533
420535
420536
420540
420543
420545
420551
420558
420562
420564
420565
420567
420576
420578
420582
420590
420591
420594
420604
420605
420606
420617
420630
420633
420642
420644
420648
420650
420654
420657
420668
420669
420673
420680
420687
420688
420693
420696
420702
420708
420709
420710
420720
420722
420726
420727
420728
420732
420735
420736
420744
420746
420750
420765
420777
420788
420789
420791
420792
420794
420796
420797
420800
420805
420806
420808
420817
420819
420821
420827
420830
420831
420833
420844
420847
420856
420864
420874
420877
420886
420890
420898
420908
420909
420913
420914
420917
420919
420920
420924
420931
420934
420935
420936
420938
420942
420944
420948
420953
420954
420960
420967
420978
420986
420994
420999
421000
421010
421015
421016
421025
421026
421032
421039
421042
421046
421049
421054
421056
421058
421060
421062
421066
421074
421075
421082
421088
421093
421096
421100
421104
421105
421106
421109
421112
421113
421116
421118
421119
421148
421151
421161
421162
421167
421168
421169
421170
421178
421182
421183
421191
421195
421196
421198
421200
421206
421211
421215
421227
421229
421231
421234
421239
421256
421266
421269
421271
421272
421276
421285
421291
421294
421299
421303
421316
421322
421323
421329
421335
421344
421348
421349
421351
421352
421353
421358
421359
421364
421366
421368
421388
421390
421393
421405
421409
421410
421427
421428
421429
421431
421435
421437
421441
421450
421458
421462
421465
421466
421480
421482
421491
421497
421501
421502
421507
421508
421514
421516
421518
421527
421533
421537
421538
421542
421546
421553
421565
421572
421582
421586
421588
421598
421599
421602
421604
421606
421609
421612
421617
421621
421623
421627
421630
421634
421639
421641
421648
421650
421658
421659
421663
421670
421672
421673
421675
421685
421691
421697
421701
421707
421713
421717
421722
421724
421728
421729
421732
421735
421737
421744
421755
421758
421766
421768
421770
421771
421776
421780
421800
421803
421810
421814
421822
421823
421826
421827
421828
421834
421843
421851
421854
421856
421857
421858
421859
421860
421861
421863
421869
421870
421871
421881
421884
421887
421888
421893
421900
421904
421906
421909
421911
421912
421913
421916
421925
421927
421933
421934
421937
421939
421943
421947
421955
421959
421966
421970
421976
421977
421981
421987
421988
421989
421991
421993
421996
421997
421998
421999
422000
422008
422015
422018
422019
422020
422021
422023
422024
422027
422028
422031
422033
422035
422041
422056
422059
422067
422071
422076
422084
422091
422094
422103
422110
422111
422119
422122
422134
422143
422161
422165
422167
422170
422171
422176
422178
422183
422184
422185
422186
422187
422189
422194
422195
422198
422201
422206
422211
422213
422217
422218
422220
422222
422223
422239
422242
422246
422252
422264
422269
422279
422281
422284
422285
422287
422288
422291
422296
422300
422302
422311
422326
422332
422333
422343
422344
422345
422346
422351
422358
422360
422373
422375
422382
422396
422402
422405
422410
422419
422421
422422
422424
422428
422429
422435
422439
422455
422456
422457
422458
422462
422464
422476
422482
422493
422499
422504
422510
422514
422519
422535
422538
422556
422564
422571
422573
422577
422578
422580
422584
422587
422590
422591
422594
422598
422609
422611
422614
422615
422617
422623
422624
422627
422635
422640
422644
422647
422649
422653
422654
422659
422667
422672
422676
422682
422691
422696
422697
422699
422703
422704
422705
422711
422720
422722
422724
422729
422730
422739
422740
422742
422743
422744
422748
422753
422754
422759
422760
422763
422767
422773
422779
422781
422783
422789
422790
422791
422797
422798
422805
422806
422813
422816
422818
422819
422821
422825
422829
422842
422844
422846
422848
422855
422861
422866
422867
422869
422874
422877
422883
422884
422890
422895
422896
422903
422905
422906
422908
422913
422914
422922
422925
422938
422942
422963
422965
422969
422981
422982
422987
422989
422998
422999
423002
423006
423008
423009
423013
423014
423015
423019
423020
423022
423024
423027
423033
423035
423044
423051
423053
423055
423057
423058
423059
423060
423068
423071
423077
423082
423085
423095
423105
423106
423110
423111
423114
423117
423123
423124
423128
423129
423133
423139
423143
423144
423145
423156
423162
423174
423175
423180
423182
423187
423190
423193
423197
423198
423200
423202
423211
423213
423216
423219
423222
423223
423224
423228
423230
423238
423243
423244
423247
423249
423250
423259
423263
423266
423269
423270
423271
423295
423296
423299
423304
423306
423308
423309
423310
423311
423314
423315
423319
423321
423323
423329
423334
423338
423344
423346
423355
423364
423372
423374
423376
423379
423380
423382
423384
423386
423388
423389
423395
423406
423407
423408
423412
423414
423419
423421
423422
423424
423428
423433
423434
423445
423454
423459
423464
423467
423468
423470
423478
423483
423484
423486
423489
423491
423501
423502
423505
423507
423521
423533
423542
423545
423546
423552
423558
423559
423561
423563
423565
423569
423572
423573
423578
423579
423598
423599
423602
423606
423607
423610
423625
423630
423638
423640
423651
423654
423656
423661
423663
423689
423695
423709
423714
423715
423716
423724
423725
423730
423745
423752
423758
423770
423776
423778
423780
423781
423785
423788
423803
423810
423816
423819
423823
423825
423839
423841
423848
423853
423856
423860
423866
423874
423878
423891
423901
423906
423910
423912
423921
423939
423946
423952
423959
423962
423974
423978
423982
423985
423988
423997
423998
424000
424001
424004
424008
424017
424020
424023
424026
424027
424028
424029
424031
424034
424036
424043
424044
424047
424050
424054
424056
424058
424060
424062
424084
424093
424096
424101
424108
424117
424118
424127
424128
424129
424130
424135
424141
424144
424146
424148
424165
424171
424175
424177
424179
424185
424188
424202
424211
424212
424218
424225
424230
424231
424233
424236
424239
424262
424263
424272
424274
424275
424281
424283
424287
424288
424289
424290
424292
424307
424309
424325
424331
424332
424336
424337
424340
424345
424346
424347
424355
424358
424361
424365
424367
424372
424381
424384
424389
424391
424393
424401
424404
424406
424416
424433
424437
424438
424440
424448
424458
424466
424468
424485
424486
424491
424495
424496
424502
424510
424512
424514
424521
424527
424528
424532
424539
424540
424545
424550
424553
424554
424556
424558
424562
424564
424566
424571
424581
424582
424585
424591
424596
424598
424601
424609
424611
424617
424618
424620
424621
424628
424636
424639
424641
424642
424643
424646
424658
424661
424664
424666
424667
424674
424675
424677
424679
424683
424701
424704
424707
424719
424722
424723
424727
424741
424746
424749
424751
424757
424775
424777
424779
424787
424788
424789
424794
424806
424821
424822
424825
424826
424832
424834
424841
424842
424847
424848
424851
424857
424861
424872
424873
424875
424880
424882
424893
424896
424897
424900
424907
424909
424913
424922
424923
424925
424929
424931
424934
424938
424939
424941
424957
424961
424962
424964
424965
424971
424972
424976
424978
424989
424990
424991
424999
425001
425002
425011
425013
425019
425022
425024
425028
425030
425031
425040
425041
425042
425052
425067
425071
425072
425080
425081
425087
425092
425102
425107
425113
425118
425124
425125
425129
425131
425132
425133
425160
425166
425168
425170
425176
425178
425186
425190
425191
425196
425200
425211
425226
425227
425231
425232
425239
425241
425251
425254
425259
425262
425268
425282
425285
425288
425293
425298
425301
425303
425308
425310
425311
425312
425315
425321
425322
425329
425335
425337
425344
425353
425355
425356
425359
425360
425362
425364
425370
425379
425383
425384
425388
425391
425394
425401
425404
425410
425417
425437
425440
425441
425444
425447
425458
425462
425463
425465
425466
425467
425470
425479
425487
425491
425493
425494
425497
425500
425501
425505
425512
425516
425519
425520
425521
425529
425530
425546
425554
425557
425561
425563
425566
425570
425573
425586
425593
425598
425599
425601
425607
425608
425609
425610
425613
425615
425622
425633
425644
425647
425648
425650
425655
425661
425664
425671
425673
425675
425684
425686
425690
425692
425695
425702
425705
425706
425707
425721
425723
425726
425728
425730
425736
425740
425746
425747
425749
425758
425760
425761
425763
425764
425765
425767
425777
425779
425787
425794
425795
425805
425806
425808
425813
425837
425851
425857
425863
425869
425874
425875
425881
425884
425888
425892
425893
425901
425904
425905
425918
425923
425926
425930
425943
425944
425950
425951
425952
425956
425961
425966
425980
425981
425982
425997
426017
426021
426022
426025
426035
426039
426043
426045
426047
426049
426053
426063
426065
426068
426069
426077
426081
426088
426090
426091
426118
426125
426133
426134
426145
426147
426160
426163
426166
426170
426182
426189
426190
426191
426196
426201
426207
426209
426212
426213
426223
426232
426233
426240
426246
426250
426255
426258
426261
426265
426268
426273
426274
426291
426296
426299
426304
426306
426309
426315
426317
426347
426352
426356
426358
426368
426370
426373
426375
426381
426382
426388
426395
426400
426408
426409
426410
426413
426416
426417
426418
426440
426445
426450
426453
426467
426470
426473
426480
426481
426487
426494
426495
426504
426507
426509
426512
426517
426518
426520
426522
426523
426524
426526
426530
426531
426535
426543
426546
426548
426550
426555
426557
426559
426564
426566
426570
426571
426572
426573
426580
426581
426582
426588
426600
426603
426627
426630
426636
426644
426645
426646
426654
426661
426663
426667
426670
426671
426694
426698
426704
426705
426707
426708
426712
426715
426717
426719
426726
426731
426733
426746
426761
426762
426765
426779
426783
426785
426787
426795
426801
426802
426807
426812
426814
426817
426832
426833
426834
426835
426840
426863
426870
426874
426877
426886
426894
426898
426903
426912
426913
426924
426930
426932
426933
426934
426943
426951
426956
426971
426972
426973
426976
426983
426986
426989
426991
426997
427015
427016
427018
427023
427026
427032
427039
427041
427043
427046
427048
427051
427055
427058
427062
427067
427072
427077
427078
427085
427101
427104
427106
427115
427116
427117
427127
427129
427132
427133
427135
427145
427152
427170
427178
427182
427187
427191
427192
427204
427205
427206
427207
427210
427216
427219
427220
427226
427229
427233
427234
427242
427248
427256
427257
427259
427261
427263
427265
427276
427277
427293
427294
427295
427301
427304
427305
427310
427311
427312
427315
427321
427323
427351
427359
427370
427383
427386
427387
427391
427397
427403
427404
427409
427412
427415
427417
427427
427428
427429
427434
427442
427450
427452
427459
427461
427465
427466
427467
427470
427475
427476
427478
427479
427483
427486
427487
427490
427493
427498
427501
427509
427530
427532
427533
427546
427551
427557
427559
427562
427563
427566
427577
427578
427591
427596
427597
427598
427599
427606
427607
427608
427610
427622
427632
427634
427635
427636
427637
427638
427655
427665
427667
427670
427671
427674
427676
427679
427684
427691
427695
427699
427701
427702
427708
427711
427721
427724
427728
427729
427734
427740
427746
427747
427749
427750
427753
427754
427756
427757
427758
427765
427776
427777
427778
427780
427781
427785
427788
427794
427802
427804
427806
427808
427812
427820
427823
427824
427829
427832
427833
427834
427837
427851
427852
427856
427859
427860
427865
427867
427870
427878
427881
427888
427890
427895
427897
427906
427907
427913
427918
427927
427931
427933
427934
427936
427940
427944
427953
427955
427965
427976
427977
427979
427986
427989
427990
427997
428004
428007
428010
428016
428017
428020
428031
428032
428041
428045
428050
428052
428053
428054
428056
428064
428079
428083
428084
428088
428092
428096
428098
428107
428112
428115
428117
428131
428134
428137
428142
428145
428153
428159
428167
428168
428169
428170
428176
428177
428181
428186
428192
428209
428210
428220
428222
428225
428229
428232
428247
428251
428257
428258
428260
428262
428265
428266
428270
428273
428275
428276
428277
428278
428284
428285
428288
428289
428291
428292
428301
428302
428303
428322
428346
428347
428350
428362
428363
428364
428368
428375
428389
428391
428399
428401
428404
428406
428415
428416
428417
428418
428422
428426
428441
428447
428449
428450
428455
428460
428467
428468
428471
428480
428481
428485
428486
428489
428493
428497
428499
428505
428506
428507
428516
428522
428523
428529
428531
428532
428543
428556
428557
428558
428563
428567
428579
428583
428590
428591
428596
428602
428603
428604
428605
428618
428626
428629
428634
428647
428649
428651
428658
428664
428668
428669
428672
428677
428679
428680
428697
428702
428722
428723
428725
428733
428737
428752
428755
428763
428765
428767
428770
428791
428792
428794
428797
428798
428810
428813
428815
428820
428821
428822
428827
428830
428850
428853
428867
428868
428869
428877
428882
428901
428909
428911
428914
428916
428920
428931
428932
428934
428941
428943
428950
428955
428965
428967
428968
428974
428980
428981
428983
428987
428993
428994
429002
429003
429008
429014
429020
429021
429022
429029
429033
429036
429044
429049
429055
429056
429061
429073
429075
429076
429083
429090
429093
429096
429098
429100
429103
429105
429106
429125
429126
429131
429135
429139
429142
429147
429150
429163
429168
429169
429172
429180
429190
429207
429210
429212
429216
429220
429223
429226
429227
429229
429233
429238
429242
429247
429249
429251
429257
429261
429267
429273
429276
429279
429282
429290
429293
429295
429299
429302
429304
429318
429319
429325
429329
429332
429334
429335
429339
429342
429343
429346
429351
429354
429359
429364
429368
429372
429373
429375
429377
429378
429379
429381
429383
429384
429390
429392
429400
429401
429404
429410
429415
429424
429429
429432
429435
429436
429438
429439
429440
429445
429448
429454
429460
429465
429466
429468
429475
429487
429493
429500
429504
429508
429512
429527
429533
429535
429537
429539
429547
429550
429551
429556
429565
429572
429578
429580
429581
429585
429588
429591
429598
429599
429600
429603
429609
429620
429622
429623
429631
429633
429640
429644
429648
429655
429658
429659
429660
429665
429667
429671
429675
429676
429677
429679
429680
429681
429686
429698
429703
429713
429714
429720
429731
429743
429746
429747
429749
429750
429751
429758
429760
429764
429772
429774
429777
429780
429790
429791
429793
429799
429802
429804
429814
429820
429824
429830
429839
429843
429845
429850
429857
429871
429874
429889
429890
429893
429899
429906
429909
429911
429912
429914
429916
429917
429923
429924
429926
429927
429928
429929
429930
429933
429934
429939
429940
429950
429954
429958
429975
429982
429984
429986
429995
429996
429998
430011
430020
430021
430024
430030
430043
430046
430057
430058
430066
430072
430080
430085
430086
430104
430115
430119
430120
430125
430128
430130
430146
430147
430148
430149
430150
430157
430166
430167
430169
430172
430183
430184
430192
430197
430199
430208
430215
430219
430221
430223
430225
430229
430231
430232
430233
430235
430236
430243
430256
430257
430259
430260
430262
430266
430282
430286
430306
430324
430326
430328
430334
430336
430337
430350
430353
430356
430361
430363
430366
430370
430372
430374
430379
430383
430390
430395
430399
430400
430406
430412
430413
430416
430423
430426
430427
430430
430431
430432
430433
430434
430441
430448
430449
430460
430461
430462
430466
430472
430475
430481
430483
430487
430491
430494
430499
430505
430510
430522
430527
430530
430541
430547
430561
430563
430565
430573
430579
430580
430583
430587
430588
430590
430591
430594
430600
430614
430619
430624
430631
430632
430637
430652
430654
430656
430660
430666
430668
430672
430675
430681
430683
430684
430705
430707
430711
430712
430724
430730
430731
430738
430744
430745
430747
430751
430752
430754
430755
430759
430761
430765
430775
430777
430782
430783
430785
430789
430795
430801
430802
430805
430815
430819
430820
430829
430832
430833
430835
430837
430839
430841
430847
430849
430853
430859
430861
430865
430866
430872
430873
430874
430875
430878
430881
430889
430897
430902
430907
430910
430913
430915
430933
430934
430935
430940
430941
430944
430946
430947
430951
430952
430957
430961
430964
430966
430969
430972
430976
430977
430983
430984
430986
430998
430999
431000
431004
431008
431011
431021
431027
431029
431033
431041
431043
431045
431046
431048
431053
431060
431074
431076
431090
431091
431092
431096
431102
431103
431113
431116
431128
431131
431134
431152
431153
431158
431159
431160
431162
431178
431179
431186
431188
431196
431197
431203
431212
431214
431215
431218
431223
431236
431242
431253
431254
431257
431258
431262
431263
431267
431271
431272
431273
431279
431280
431284
431287
431289
431295
431296
431302
431303
431306
431313
431317
431319
431320
431321
431323
431336
431344
431347
431348
431349
431350
431351
431353
431356
431361
431365
431369
431371
431372
431378
431388
431389
431390
431397
431412
431413
431414
431415
431416
431417
431421
431426
431438
431440
431442
431456
431457
431467
431469
431479
431484
431486
431489
431494
431497
431498
431499
431500
431502
431504
431507
431508
431511
431525
431526
431534
431538
431549
431558
431570
431580
431583
431590
431591
431594
431603
431605
431606
431616
431620
431623
431635
431638
431639
431642
431650
431651
431656
431657
431660
431666
431668
431672
431673
431677
431678
431694
431695
431709
431713
431716
431717
431724
431725
431731
431738
431745
431746
431750
431757
431759
431761
431769
431773
431780
431785
431786
431789
431790
431795
431802
431807
431813
431820
431823
431827
431830
431842
431845
431860
431864
431873
431874
431876
431891
431900
431906
431914
431916
431925
431930
431938
431942
431953
431955
431967
431979
431982
431985
431995
431997
431999
432002
432003
432008
432009
432014
432015
432032
432033
432034
432042
432050
432054
432057
432058
432068
432082
432084
432092
432112
432116
432117
432118
432120
432125
432128
432138
432143
432144
432146
432151
432162
432164
432165
432167
432170
432176
432191
432192
432198
432200
432201
432206
432208
432214
432218
432220
432222
432226
432227
432230
432232
432243
432244
432245
432250
432253
432259
432260
432267
432268
432274
432281
432286
432287
432296
432303
432310
432315
432320
432326
432328
432332
432341
432365
432370
432375
432376
432389
432391
432393
432394
432402
432414
432415
432416
432418
432427
432428
432430
432431
432442
432445
432456
432463
432464
432478
432484
432485
432493
432495
432496
432504
432505
432506
432508
432518
432520
432522
432527
432528
432529
432536
432541
432546
432551
432552
432556
432558
432560
432561
432567
432568
432577
432581
432590
432593
432602
432610
432613
432617
432620
432621
432637
432644
432651
432658
432661
432662
432670
432671
432672
432678
432689
432696
432705
432707
432709
432711
432714
432719
432722
432725
432729
432733
432740
432741
432743
432744
432745
432747
432749
432758
432765
432777
432795
432798
432800
432811
432814
432817
432819
432820
432826
432830
432837
432838
432851
432855
432860
432861
432869
432873
432874
432878
432882
432887
432892
432903
432906
432910
432915
432916
432928
432929
432942
432961
432984
432987
432991
432995
433009
433014
433020
433021
433040
433044
433049
433053
433061
433067
433068
433074
433082
433092
433104
433112
433119
433120
433125
433127
433134
433139
433141
433143
433148
433154
433155
433165
433167
433169
433173
433174
433176
433177
433179
433183
433198
433199
433202
433204
433218
433219
433220
433222
433229
433230
433233
433234
433239
433241
433242
433244
433259
433264
433273
433279
433280
433281
433285
433296
433304
433305
433310
433312
433322
433326
433331
433335
433342
433346
433349
433355
433362
433370
433408
433414
433418
433419
433427
433441
433442
433450
433451
433452
433454
433456
433477
433479
433484
433491
433498
433509
433518
433519
433523
433529
433530
433534
433535
433537
433538
433548
433556
433560
433562
433564
433569
433576
433584
433586
433593
433615
433623
433633
433639
433642
433654
433662
433665
433667
433668
433669
433673
433675
433677
433679
433680
433681
433686
433687
433697
433700
433712
433714
433716
433717
433721
433723
433734
433735
433741
433744
433749
433759
433773
433776
433787
433796
433799
433810
433811
433813
433815
433816
433818
433820
433822
433831
433832
433836
433838
433839
433846
433856
433873
433883
433885
433898
433902
433903
433909
433915
433924
433925
433936
433939
433952
433956
433968
433970
433972
433973
433974
433980
433989
433993
434001
434005
434026
434042
434044
434047
434056
434060
434061
434064
434078
434084
434086
434095
434096
434099
434103
434104
434117
434120
434129
434130
434132
434135
434143
434146
434161
434164
434166
434175
434193
434196
434201
434211
434214
434215
434217
434227
434229
434237
434238
434244
434247
434251
434252
434256
434260
434261
434267
434272
434275
434276
434282
434285
434288
434294
434300
434301
434303
434305
434306
434314
434319
434322
434324
434325
434327
434334
434335
434339
434349
434351
434354
434361
434362
434363
434364
434369
434374
434382
434388
434390
434409
434415
434417
434420
434422
434433
434435
434442
434445
434458
434463
434465
434468
434471
434479
434480
434483
434490
434501
434508
434509
434517
434518
434522
434536
434542
434546
434548
434552
434556
434557
434567
434573
434575
434576
434586
434590
434602
434605
434610
434612
434614
434626
434637
434647
434648
434650
434667
434668
434671
434672
434679
434680
434681
434686
434693
434696
434701
434702
434704
434711
434715
434718
434721
434725
434727
434729
434730
434734
434740
434741
434747
434750
434754
434764
434765
434768
434773
434775
434780
434782
434784
434789
434794
434804
434806
434811
434813
434822
434838
434840
434841
434844
434846
434847
434850
434862
434863
434867
434878
434886
434887
434889
434890
434895
434897
434898
434901
434903
434906
434914
434921
434928
434930
434932
434934
434937
434939
434940
434945
434947
434950
434962
434963
434968
434977
434979
434982
434984
434991
434993
435001
435011
435015
435023
435043
435044
435056
435064
435068
435072
435076
435079
435086
435090
435092
435100
435121
435123
435124
435129
435131
435132
435136
435144
435147
435149
435151
435152
435155
435160
435161
435162
435164
435165
435170
435171
435173
435180
435183
435199
435206
435208
435209
435215
435222
435228
435231
435232
435239
435244
435246
435248
435252
435255
435266
435271
435272
435276
435282
435286
435288
435293
435294
435305
435308
435311
435312
435313
435315
435325
435329
435330
435339
435340
435343
435346
435347
435349
435354
435355
435360
435362
435373
435374
435378
435383
435384
435389
435390
435393
435395
435403
435404
435410
435418
435419
435422
435427
435429
435435
435438
435443
435446
435447
435448
435449
435451
435464
435465
435466
435472
435474
435481
435490
435495
435499
435501
435503
435504
435507
435508
435510
435511
435516
435523
435533
435537
435538
435549
435556
435560
435561
435566
435568
435572
435574
435575
435579
435586
435591
435592
435593
435603
435605
435616
435621
435623
435628
435632
435633
435634
435636
435657
435665
435667
435673
435676
435679
435684
435694
435696
435704
435705
435714
435721
435725
435728
435734
435739
435740
435742
435747
435754
435756
435761
435777
435781
435782
435784
435787
435790
435792
435794
435799
435800
435801
435809
435814
435817
435821
435824
435830
435833
435834
435839
435842
435844
435847
435848
435850
435860
435875
435876
435895
435902
435904
435906
435912
435917
435920
435927
435935
435936
435937
435938
435945
435968
435972
435976
435981
435982
435998
436001
436004
436006
436007
436026
436027
436031
436032
436035
436038
436041
436044
436053
436054
436057
436062
436068
436069
436070
436076
436081
436090
436093
436094
436095
436097
436098
436112
436117
436124
436133
436140
436142
436148
436149
436151
436152
436158
436161
436176
436186
436189
436192
436199
436203
436209
436216
436223
436225
436230
436238
436243
436245
436247
436258
436259
436260
436264
436273
436277
436287
436295
436297
436303
436304
436308
436310
436327
436330
436334
436348
436352
436354
436355
436357
436360
436374
436375
436381
436389
436395
436407
436414
436433
436436
436439
436445
436454
436458
436461
436462
436468
436469
436472
436477
436478
436487
436488
436492
436493
436499
436503
436509
436515
436522
436524
436525
436532
436535
436540
436543
436545
436558
436559
436566
436573
436578
436580
436588
436594
436599
436604
436618
436627
436637
436639
436640
436654
436655
436658
436660
436666
436670
436674
436680
436686
436687
436693
436696
436698
436700
436704
436709
436711
436718
436728
436730
436734
436735
436747
436753
436756
436764
436770
436772
436777
436796
436797
436800
436802
436804
436806
436809
436810
436811
436815
436819
436825
436828
436835
436839
436842
436846
436850
436860
436870
436871
436879
436885
436886
436888
436892
436895
436900
436903
436907
436908
436909
436913
436920
436931
436937
436941
436948
436981
436984
436987
436991
436994
437003
437011
437013
437017
437020
437022
437023
437040
437047
437049
437057
437059
437060
437061
437080
437082
437083
437089
437091
437094
437099
437101
437107
437111
437114
437115
437126
437127
437141
437144
437149
437151
437152
437156
437160
437165
437166
437169
437180
437184
437187
437191
437193
437195
437198
437200
437212
437216
437218
437223
437227
437228
437230
437232
437243
437247
437248
437249
437252
437261
437272
437274
437286
437290
437298
437314
437317
437328
437331
437334
437340
437342
437344
437346
437347
437350
437351
437355
437369
437375
437377
437380
437381
437386
437400
437404
437407
437411
437428
437434
437436
437440
437447
437449
437451
437452
437457
437458
437460
437462
437463
437472
437473
437480
437482
437483
437484
437488
437498
437506
437508
437511
437520
437531
437535
437538
437542
437547
437548
437557
437561
437567
437579
437583
437584
437590
437592
437596
437597
437600
437601
437609
437610
437611
437619
437625
437629
437630
437636
437637
437644
437645
437646
437652
437655
437657
437658
437660
437664
437666
437670
437671
437673
437680
437689
437691
437697
437703
437705
437710
437715
437722
437723
437724
437727
437730
437731
437736
437738
437741
437750
437753
437758
437760
437767
437768
437775
437776
437786
437792
437794
437798
437808
437809
437810
437813
437815
437816
437822
437830
437836
437837
437838
437839
437843
437850
437854
437856
437863
437866
437867
437869
437879
437881
437883
437884
437885
437887
437888
437900
437917
437921
437924
437930
437935
437938
437942
437943
437945
437946
437949
437953
437955
437959
437960
437964
437971
437982
437985
437993
437995
438000
438002
438004
438011
438013
438015
438016
438019
438024
438028
438029
438033
438035
438040
438041
438042
438047
438051
438052
438053
438055
438056
438059
438062
438069
438070
438073
438079
438081
438088
438094
438096
438099
438107
438109
438110
438116
438117
438119
438132
438136
438138
438145
438148
438151
438152
438153
438154
438167
438168
438186
438188
438209
438210
438212
438217
438221
438224
438227
438231
438239
438244
438246
438250
438251
438254
438256
438261
438262
438263
438266
438269
438270
438271
438273
438277
438280
438287
438289
438293
438297
438298
438301
438307
438308
438310
438315
438328
438332
438333
438334
438335
438339
438341
438342
438345
438346
438354
438367
438374
438382
438401
438410
438413
438415
438434
438446
438447
438454
438456
438458
438463
438467
438471
438473
438474
438477
438482
438489
438490
438494
438500
438504
438506
438508
438516
438521
438523
438528
438529
438530
438540
438542
438552
438555
438560
438566
438575
438576
438581
438583
438586
438595
438598
438603
438610
438619
438621
438623
438625
438637
438640
438641
438646
438647
438653
438655
438668
438671
438674
438692
438695
438696
438697
438708
438715
438717
438722
438724
438727
438728
438732
438734
438737
438739
438741
438768
438770
438777
438780
438785
438793
438796
438800
438808
438810
438816
438817
438825
438829
438831
438838
438842
438845
438846
438853
438863
438878
438883
438884
438888
438889
438895
438899
438907
438920
438924
438928
438935
438938
438949
438952
438955
438956
438962
438973
438980
438987
438989
438990
438995
439004
439018
439020
439026
439032
439043
439044
439045
439064
439066
439067
439075
439076
439091
439094
439101
439105
439108
439113
439119
439120
439125
439130
439132
439137
439138
439139
439142
439147
439154
439156
439164
439175
439176
439179
439181
439185
439195
439198
439199
439212
439214
439220
439227
439232
439240
439242
439245
439248
439253
439263
439269
439270
439273
439276
439277
439279
439285
439286
439288
439290
439296
439302
439306
439307
439317
439320
439321
439325
439332
439337
439338
439346
439350
439357
439358
439366
439373
439376
439381
439387
439405
439412
439415
439427
439429
439434
439436
439439
439447
439457
439463
439464
439471
439473
439477
439478
439480
439485
439487
439502
439509
439512
439517
439523
439526
439539
439551
439558
439560
439562
439565
439575
439579
439582
439585
439592
439597
439599
439601
439603
439610
439619
439624
439642
439648
439651
439653
439659
439660
439665
439670
439672
439683
439685
439686
439689
439690
439693
439694
439698
439701
439703
439713
439715
439716
439717
439720
439728
439733
439739
439744
439745
439752
439762
439764
439765
439774
439776
439793
439794
439826
439830
439837
439843
439844
439855
439863
439872
439873
439876
439882
439886
439890
439895
439898
439901
439904
439906
439907
439911
439915
439918
439920
439923
439927
439929
439932
439938
439947
439949
439951
439953
439955
439956
439957
439969
439972
439973
439976
439980
439981
439983
439988
439995
440000
440001
440002
440003
440005
440011
440012
440013
440022
440026
440038
440041
440042
440044
440045
440046
440052
440053
440056
440062
440064
440068
440069
440085
440091
440095
440099
440112
440114
440116
440117
440123
440140
440145
440160
440170
440177
440178
440187
440192
440193
440197
440202
440204
440226
440228
440233
440237
440239
440242
440250
440251
440261
440263
440269
440271
440275
440276
440277
440278
440282
440286
440296
440313
440322
440326
440332
440338
440346
440350
440353
440355
440363
440365
440376
440378
440382
440383
440388
440390
440394
440395
440398
440415
440416
440428
440429
440432
440433
440446
440450
440461
440462
440463
440465
440472
440476
440481
440486
440493
440498
440499
440505
440511
440518
440520
440525
440527
440530
440531
440542
440545
440549
440552
440554
440555
440558
440561
440563
440576
440578
440579
440583
440588
440599
440604
440607
440609
440612
440614
440616
440622
440623
440629
440633
440636
440642
440647
440651
440657
440670
440675
440680
440683
440686
440688
440692
440694
440696
440699
440707
440712
440718
440719
440729
440731
440735
440738
440743
440749
440751
440752
440756
440760
440761
440772
440773
440777
440781
440782
440786
440790
440793
440794
440824
440832
440833
440834
440835
440838
440850
440852
440853
440862
440863
440866
440867
440868
440870
440875
440878
440895
440898
440900
440901
440903
440914
440918
440924
440927
440930
440931
440933
440936
440940
440951
440958
440960
440961
440964
440970
440988
440994
441003
441005
441015
441016
441021
441023
441025
441026
441033
441052
441053
441056
441058
441061
441065
441066
441067
441069
441079
441085
441088
441098
441100
441103
441104
441106
441111
441127
441129
441132
441134
441144
441149
441157
441160
441164
441168
441169
441171
441172
441176
441180
441181
441183
441198
441200
441207
441209
441213
441214
441215
441222
441226
441231
441237
441238
441243
441245
441246
441258
441259
441268
441272
441277
441283
441286
441288
441290
441295
441298
441300
441307
441309
441314
441316
441323
441328
441330
441331
441334
441335
441337
441340
441342
441355
441364
441365
441368
441374
441380
441381
441383
441385
441386
441390
441391
441401
441405
441408
441409
441410
441425
441447
441463
441467
441469
441473
441477
441479
441482
441494
441495
441497
441501
441503
441506
441510
441512
441515
441518
441521
441525
441527
441528
441530
441537
441544
441545
441549
441551
441554
441566
441568
441569
441570
441571
441577
441580
441589
441592
441600
441603
441607
441614
441616
441618
441619
441620
441622
441623
441627
441635
441639
441645
441648
441658
441659
441661
441670
441671
441673
441675
441677
441678
441680
441683
441688
441693
441694
441709
441725
441733
441739
441740
441741
441742
441743
441747
441750
441754
441758
441768
441769
441777
441778
441781
441782
441786
441787
441789
441794
441795
441796
441797
441801
441804
441814
441817
441821
441823
441824
441826
441832
441834
441846
441850
441853
441859
441860
441861
441869
441871
441875
441876
441877
441879
441880
441882
441883
441890
441893
441897
441898
441904
441922
441923
441936
441938
441939
441940
441942
441945
441948
441952
441957
441958
441962
441964
441966
441970
441976
441977
441981
441986
441987
441988
441989
441990
441999
442013
442015
442020
442023
442026
442029
442035
442047
442049
442064
442065
442066
442069
442071
442079
442081
442082
442100
442102
442103
442105
442107
442111
442115
442117
442118
442123
442127
442129
442130
442136
442145
442146
442158
442160
442162
442172
442182
442185
442190
442197
442202
442203
442204
442211
442212
442220
442231
442238
442245
442255
442271
442283
442284
442285
442288
442296
442298
442300
442304
442312
442316
442318
442323
442328
442332
442334
442336
442339
442341
442344
442347
442355
442367
442368
442373
442374
442384
442385
442391
442392
442395
442397
442402
442403
442406
442407
442409
442411
442413
442418
442420
442421
442426
442427
442429
442433
442434
442437
442438
442440
442451
442453
442462
442467
442469
442470
442477
442484
442488
442490
442492
442494
442495
442504
442505
442508
442513
442514
442515
442517
442521
442533
442538
442540
442543
442544
442547
442557
442559
442563
442565
442567
442569
442571
442575
442577
442580
442583
442586
442594
442596
442600
442606
442608
442614
442615
442623
442625
442627
442629
442635
442640
442645
442648
442649
442663
442670
442673
442675
442676
442677
442678
442679
442681
442685
442696
442700
442705
442707
442715
442717
442721
442722
442734
442735
442737
442740
442741
442744
442746
442747
442750
442756
442769
442771
442777
442783
442784
442801
442802
442803
442813
442814
442815
442823
442827
442852
442853
442854
442857
442865
442868
442869
442871
442872
442874
442881
442885
442888
442892
442893
442896
442900
442907
442912
442916
442917
442919
442926
442932
442939
442942
442944
442950
442955
442956
442957
442965
442968
442974
442977
442983
442985
442994
442996
442998
442999
443007
443010
443012
443014
443015
443016
443030
443031
443032
443033
443036
443048
443053
443054
443056
443068
443080
443089
443096
443098
443115
443120
443121
443124
443136
443137
443139
443155
443162
443163
443164
443169
443173
443175
443192
443200
443204
443205
443212
443213
443214
443215
443216
443218
443221
443226
443234
443239
443244
443245
443247
443256
443262
443267
443269
443274
443279
443283
443284
443286
443295
443296
443297
443324
443330
443336
443337
443339
443345
443346
443347
443371
443381
443383
443386
443389
443392
443393
443403
443409
443410
443411
443419
443425
443427
443429
443433
443434
443443
443461
443462
443465
443467
443469
443471
443476
443483
443484
443495
443497
443498
443509
443518
443519
443520
443527
443530
443539
443540
443544
443545
443556
443572
443573
443575
443585
443589
443597
443599
443607
443608
443635
443638
443642
443655
443656
443660
443662
443671
443682
443690
443699
443710
443717
443728
443734
443742
443756
443757
443771
443781
443784
443785
443787
443788
443793
443796
443801
443802
443808
443809
443810
443816
443823
443838
443841
443842
443850
443854
443859
443867
443870
443875
443887
443892
443894
443896
443898
443899
443918
443932
443943
443947
443953
443954
443956
443964
443966
443972
443977
443982
443998
444002
444009
444016
444018
444019
444021
444022
444023
444024
444027
444030
444040
444047
444052
444053
444057
444066
444070
444071
444074
444077
444081
444082
444084
444087
444089
444090
444097
444099
444109
444110
444112
444116
444118
444125
444127
444128
444129
444130
444131
444132
444143
444146
444156
444163
444167
444172
444177
444191
444194
444199
444204
444207
444211
444217
444219
444223
444232
444236
444246
444249
444251
444254
444256
444258
444265
444266
444268
444269
444279
444280
444291
444293
444296
444299
444311
444312
444314
444318
444319
444320
444329
444333
444337
444341
444342
444344
444345
444348
444351
444357
444367
444369
444377
444383
444399
444402
444403
444411
444412
444415
444418
444423
444437
444439
444453
444454
444465
444466
444467
444468
444472
444473
444474
444476
444484
444488
444495
444498
444499
444504
444506
444508
444511
444512
444516
444521
444527
444535
444549
444550
444551
444553
444554
444574
444577
444581
444582
444591
444592
444593
444594
444595
444608
444609
444632
444636
444640
444643
444660
444662
444669
444670
444673
444674
444675
444677
444679
444684
444685
444686
444688
444691
444693
444702
444709
444712
444715
444717
444725
444726
444731
444732
444733
444734
444738
444742
444747
444750
444751
444757
444759
444767
444774
444784
444786
444787
444792
444810
444816
444819
444821
444823
444826
444830
444836
444842
444845
444859
444864
444867
444873
444876
444877
444880
444888
444891
444899
444906
444915
444924
444928
444929
444930
444933
444937
444939
444952
444961
444962
444969
444971
444974
444993
445001
445007
445009
445026
445028
445030
445031
445034
445043
445047
445049
445050
445052
445053
445058
445063
445064
445072
445074
445076
445082
445094
445097
445103
445104
445111
445119
445120
445123
445132
445143
445155
445159
445174
445178
445187
445190
445194
445201
445220
445223
445224
445227
445228
445234
445238
445240
445248
445249
445251
445252
445256
445259
445268
445275
445276
445279
445283
445286
445288
445291
445294
445303
445304
445310
445314
445317
445325
445326
445331
445342
445352
445356
445362
445364
445365
445368
445369
445372
445374
445381
445386
445388
445389
445390
445394
445398
445415
445422
445430
445437
445443
445445
445446
445449
445456
445458
445459
445462
445465
445469
445475
445480
445484
445486
445487
445491
445496
445503
445504
445505
445512
445522
445527
445536
445540
445541
445548
445564
445565
445580
445584
445590
445593
445600
445603
445604
445609
445610
445613
445614
445615
445631
445633
445634
445640
445645
445652
445654
445663
445665
445669
445673
445675
445679
445692
445694
445706
445712
445722
445729
445731
445733
445740
445746
445753
445754
445762
445766
445770
445774
445783
445784
445788
445792
445794
445796
445807
445808
445812
445819
445820
445824
445829
445834
445848
445855
445856
445859
445872
445875
445876
445880
445882
445892
445895
445901
445907
445908
445917
445918
445926
445928
445931
445935
445937
445939
445948
445949
445954
445955
445965
445970
445972
445974
445976
445978
445979
445984
445992
446002
446003
446014
446015
446019
446022
446023
446024
446030
446032
446033
446034
446043
446045
446046
446055
446057
446059
446062
446064
446072
446076
446083
446099
446100
446103
446139
446143
446152
446157
446165
446166
446177
446186
446190
446191
446194
446202
446206
446207
446209
446212
446217
446240
446248
446254
446255
446264
446270
446279
446280
446282
446284
446293
446304
446309
446311
446317
446318
446321
446325
446328
446336
446339
446340
446342
446345
446346
446347
446350
446353
446362
446364
446368
446369
446380
446387
446391
446398
446399
446401
446412
446415
446417
446420
446425
446427
446434
446440
446459
446460
446463
446470
446475
446477
446478
446489
446498
446501
446507
446510
446513
446515
446521
446524
446533
446541
446558
446564
446565
446574
446578
446579
446586
446588
446592
446594
446600
446601
446606
446608
446610
446616
446621
446622
446637
446639
446649
446654
446655
446657
446658
446660
446665
446668
446673
446676
446678
446683
446687
446689
446691
446694
446700
446702
446703
446705
446707
446712
446719
446722
446733
446735
446743
446744
446745
446758
446764
446765
446772
446773
446775
446776
446778
446780
446785
446787
446791
446798
446801
446806
446811
446815
446820
446826
446830
446831
446836
446844
446852
446858
446859
446865
446866
446870
446872
446873
446876
446892
446893
446904
446906
446907
446911
446913
446915
446926
446932
446933
446934
446941
446943
446944
446945
446946
446947
446956
446962
446967
446972
446974
446982
446983
446987
446990
446991
446992
446993
446996
447003
447005
447010
447022
447037
447043
447045
447051
447052
447055
447069
447070
447074
447077
447086
447087
447092
447102
447103
447106
447113
447117
447118
447121
447130
447134
447140
447148
447150
447154
447159
447171
447176
447177
447187
447193
447196
447203
447206
447213
447215
447217
447225
447226
447228
447242
447243
447244
447252
447259
447260
447261
447262
447270
447272
447274
447319
447320
447323
447325
447330
447331
447334
447342
447346
447362
447363
447364
447366
447369
447371
447373
447377
447383
447384
447386
447387
447391
447394
447401
447403
447405
447413
447414
447416
447422
447425
447430
447438
447441
447445
447451
447454
447462
447468
447470
447472
447473
447478
447483
447485
447486
447487
447489
447499
447501
447502
447510
447512
447519
447522
447533
447543
447546
447548
447555
447559
447560
447569
447570
447575
447581
447586
447589
447590
447591
447599
447600
447604
447605
447609
447613
447626
447634
447639
447648
447650
447651
447652
447657
447663
447664
447665
447669
447677
447684
447685
447688
447690
447697
447698
447700
447703
447705
447708
447715
447721
447728
447735
447738
447739
447744
447745
447748
447759
447767
447771
447775
447778
447790
447793
447795
447804
447805
447815
447818
447819
447822
447826
447831
447834
447835
447843
447844
447845
447846
447848
447854
447856
447857
447864
447878
447879
447886
447887
447891
447893
447902
447911
447917
447926
447929
447931
447943
447951
447953
447962
447966
447972
447979
447983
447985
447989
447998
448001
448008
448013
448025
448026
448036
448037
448049
448054
448058
448062
448067
448073
448074
448075
448077
448081
448085
448104
448111
448112
448125
448129
448135
448143
448145
448153
448155
448159
448160
448167
448168
448172
448179
448180
448184
448198
448202
448204
448210
448211
448223
448232
448233
448234
448239
448256
448278
448279
448280
448288
448289
448294
448295
448296
448303
448304
448307
448308
448310
448314
448318
448320
448322
448328
448331
448335
448341
448347
448351
448369
448379
448384
448389
448392
448398
448399
448400
448403
448408
448412
448414
448415
448417
448428
448429
448430
448432
448433
448437
448441
448443
448448
448452
448453
448455
448456
448466
448467
448470
448473
448475
448490
448491
448493
448497
448509
448523
448533
448542
448543
448545
448546
448547
448556
448558
448569
448571
448578
448585
448595
448596
448604
448607
448609
448610
448613
448614
448626
448628
448636
448638
448643
448651
448655
448677
448678
448683
448684
448693
448695
448697
448703
448707
448714
448716
448738
448739
448742
448743
448748
448754
448755
448762
448765
448769
448775
448778
448781
448782
448788
448792
448793
448795
448796
448797
448799
448801
448806
448809
448821
448824
448825
448830
448840
448844
448851
448862
448863
448864
448872
448873
448880
448881
448882
448885
448890
448891
448898
448900
448902
448907
448917
448919
448925
448926
448927
448932
448937
448948
448949
448952
448963
448964
448974
448983
448988
448993
448994
449001
449012
449015
449017
449025
449026
449039
449048
449056
449063
449068
449088
449089
449099
449112
449121
449131
449133
449138
449139
449140
449145
449151
449152
449159
449160
449174
449189
449191
449211
449215
449222
449226
449228
449229
449230
449236
449243
449247
449267
449274
449278
449286
449287
449289
449292
449297
449306
449308
449310
449311
449312
449313
449318
449320
449321
449333
449336
449337
449345
449353
449358
449360
449361
449371
449374
449375
449377
449381
449383
449387
449388
449390
449394
449404
449409
449410
449411
449412
449420
449421
449427
449428
449430
449432
449433
449437
449440
449442
449445
449446
449459
449461
449472
449474
449478
449483
449487
449488
449495
449496
449515
449519
449522
449523
449535
449540
449544
449547
449549
449551
449552
449561
449571
449579
449582
449590
449612
449614
449616
449636
449638
449639
449648
449652
449658
449659
449666
449682
449686
449692
449699
449702
449703
449704
449706
449726
449732
449736
449739
449740
449748
449749
449750
449751
449752
449754
449757
449766
449767
449771
449773
449775
449777
449779
449783
449784
449793
449801
449812
449814
449817
449819
449820
449825
449828
449829
449832
449833
449838
449840
449852
449854
449859
449860
449867
449869
449870
449876
449878
449885
449886
449888
449892
449895
449898
449903
449904
449906
449909
449915
449916
449918
449930
449938
449949
449956
449979
449982
449989
449996
449997
449999
450012
450020
450024
450029
450035
450039
450041
450045
450057
450062
450066
450074
450079
450080
450083
450090
450094
450095
450096
450108
450123
450124
450130
450132
450134
450135
450147
450154
450155
450156
450161
450162
450168
450178
450185
450188
450199
450202
450207
450210
450213
450218
450221
450232
450235
450241
450244
450249
450250
450264
450265
450267
450269
450273
450275
450279
450281
450282
450286
450297
450300
450310
450313
450319
450321
450326
450327
450333
450335
450344
450345
450348
450350
450361
450362
450365
450367
450371
450376
450383
450386
450388
450392
450396
450405
450407
450420
450432
450436
450438
450440
450441
450443
450447
450449
450454
450459
450460
450461
450463
450465
450469
450471
450475
450477
450482
450488
450490
450492
450497
450501
450506
450515
450520
450521
450523
450536
450540
450546
450547
450548
450556
450558
450561
450567
450568
450572
450575
450578
450580
450588
450589
450594
450597
450617
450619
450621
450623
450625
450627
450632
450636
450639
450640
450643
450644
450646
450648
450652
450663
450681
450689
450690
450693
450696
450701
450703
450706
450718
450719
450723
450724
450726
450727
450728
450729
450735
450737
450740
450743
450745
450756
450762
450763
450772
450773
450774
450778
450780
450785
450795
450797
450798
450806
450810
450813
450815
450816
450820
450822
450826
450828
450830
450831
450834
450836
450837
450863
450864
450869
450873
450874
450879
450883
450888
450892
450893
450918
450919
450925
450926
450927
450928
450929
450936
450943
450945
450972
450973
450974
450977
450979
450984
450986
450987
450988
450991
451002
451008
451009
451012
451013
451017
451026
451029
451046
451049
451053
451055
451057
451064
451065
451076
451078
451079
451080
451086
451091
451093
451097
451104
451108
451116
451117
451119
451122
451139
451140
451148
451154
451155
451160
451162
451174
451189
451192
451194
451198
451205
451208
451215
451221
451223
451230
451232
451233
451234
451236
451246
451252
451253
451255
451259
451270
451271
451273
451275
451277
451284
451288
451291
451293
451301
451308
451311
451314
451316
451323
451329
451339
451343
451345
451349
451351
451360
451364
451375
451376
451377
451383
451387
451394
451404
451406
451410
451413
451418
451425
451430
451438
451448
451450
451455
451458
451460
451476
451477
451479
451480
451481
451492
451500
451510
451517
451522
451533
451536
451544
451545
451549
451551
451553
451556
451557
451564
451567
451569
451574
451577
451579
451585
451589
451593
451597
451598
451606
451607
451608
451621
451628
451630
451639
451651
451660
451666
451676
451679
451686
451689
451690
451705
451708
451711
451715
451717
451724
451726
451730
451731
451735
451736
451741
451745
451750
451754
451757
451758
451761
451768
451771
451781
451788
451792
451793
451799
451812
451814
451815
451817
451823
451827
451830
451836
451839
451842
451843
451845
451846
451847
451852
451861
451868
451869
451873
451875
451880
451885
451888
451893
451896
451902
451906
451908
451918
451920
451922
451933
451936
451938
451943
451948
451959
451960
451963
451966
451976
451980
451986
452008
452016
452018
452019
452020
452024
452028
452051
452059
452060
452062
452069
452073
452075
452083
452086
452095
452098
452111
452117
452118
452122
452126
452137
452145
452148
452150
452152
452154
452162
452171
452174
452176
452181
452187
452190
452197
452198
452200
452202
452207
452219
452223
452224
452225
452226
452231
452247
452255
452260
452266
452273
452286
452291
452294
452295
452299
452306
452309
452313
452318
452327
452330
452331
452332
452337
452341
452343
452344
452345
452351
452353
452356
452369
452372
452374
452375
452387
452393
452395
452406
452407
452409
452419
452422
452427
452430
452431
452441
452443
452444
452448
452449
452454
452459
452461
452464
452465
452467
452471
452472
452474
452476
452480
452481
452482
452483
452485
452488
452496
452502
452505
452511
452514
452517
452518
452519
452520
452526
452537
452551
452554
452557
452565
452567
452570
452580
452582
452585
452591
452592
452595
452608
452611
452614
452622
452628
452631
452644
452646
452652
452659
452665
452669
452673
452678
452680
452690
452692
452699
452701
452702
452704
452706
452715
452717
452720
452723
452725
452736
452737
452739
452743
452748
452752
452758
452761
452767
452768
452776
452778
452780
452788
452792
452809
452813
452814
452823
452824
452829
452834
452835
452836
452845
452846
452850
452864
452871
452873
452874
452883
452885
452886
452887
452893
452899
452903
452914
452923
452927
452931
452932
452935
452936
452938
452943
452946
452953
452957
452959
452964
452965
452975
452977
452980
452985
452986
452988
452998
453012
453014
453017
453019
453022
453033
453043
453046
453055
453056
453057
453058
453061
453080
453082
453086
453096
453097
453098
453103
453104
453110
453134
453138
453139
453149
453154
453163
453168
453169
453173
453185
453191
453195
453201
453203
453207
453212
453213
453216
453220
453233
453238
453242
453245
453246
453251
453253
453254
453257
453266
453267
453272
453273
453278
453280
453284
453286
453287
453290
453292
453293
453297
453299
453304
453307
453309
453316
453329
453331
453336
453339
453342
453348
453355
453361
453366
453373
453374
453375
453376
453377
453386
453395
453400
453415
453418
453420
453431
453432
453434
453443
453444
453451
453454
453457
453461
453462
453466
453468
453477
453488
453491
453502
453507
453513
453520
453525
453552
453553
453572
453578
453583
453584
453591
453593
453608
453613
453617
453618
453619
453623
453625
453626
453628
453629
453632
453634
453636
453644
453645
453648
453656
453658
453675
453677
453685
453693
453694
453699
453705
453708
453710
453719
453726
453733
453734
453735
453739
453743
453744
453751
453752
453754
453759
453760
453772
453773
453782
453784
453790
453797
453799
453805
453808
453813
453815
453821
453822
453823
453829
453832
453855
453864
453867
453869
453873
453876
453877
453878
453884
453889
453898
453905
453906
453909
453912
453916
453924
453925
453928
453937
453938
453949
453956
453957
453958
453974
453975
453976
453979
453980
453994
453997
453999
454003
454006
454007
454016
454017
454022
454030
454032
454035
454041
454044
454050
454052
454055
454058
454065
454069
454073
454097
454100
454101
454105
454109
454111
454124
454127
454128
454130
454148
454151
454154
454155
454159
454160
454166
454167
454175
454178
454187
454189
454196
454198
454207
454236
454238
454272
454274
454284
454290
454291
454292
454293
454296
454297
454298
454301
454302
454306
454307
454308
454309
454313
454315
454332
454334
454344
454349
454358
454359
454367
454368
454377
454380
454381
454393
454396
454399
454405
454409
454413
454414
454417
454421
454426
454437
454445
454448
454451
454453
454454
454470
454482
454485
454501
454502
454504
454507
454508
454514
454526
454527
454529
454533
454539
454542
454549
454556
454569
454582
454585
454590
454596
454601
454606
454609
454612
454614
454615
454616
454617
454627
454630
454646
454650
454661
454662
454678
454693
454694
454695
454699
454702
454703
454707
454709
454712
454713
454714
454716
454721
454724
454732
454733
454735
454736
454739
454740
454747
454752
454753
454766
454768
454775
454781
454787
454796
454797
454803
454808
454812
454820
454825
454828
454830
454832
454836
454837
454838
454846
454852
454862
454864
454870
454874
454875
454880
454881
454884
454886
454887
454894
454898
454899
454908
454910
454917
454920
454921
454933
454943
454950
454951
454969
454973
454974
454975
454976
454982
454990
454991
454994
455000
455008
455011
455014
455020
455021
455023
455029
455030
455033
455045
455052
455060
455070
455072
455077
455081
455085
455087
455088
455091
455097
455099
455106
455111
455114
455118
455122
455124
455129
455145
455156
455159
455163
455166
455171
455175
455176
455182
455186
455187
455199
455203
455204
455207
455211
455212
455216
455217
455222
455227
455230
455233
455234
455239
455242
455244
455271
455275
455277
455280
455283
455287
455291
455292
455294
455300
455303
455307
455308
455313
455316
455323
455326
455334
455342
455344
455346
455348
455353
455357
455360
455364
455367
455374
455383
455404
455415
455421
455434
455435
455438
455441
455447
455454
455456
455472
455474
455476
455492
455494
455498
455504
455505
455506
455514
455515
455518
455528
455532
455536
455537
455556
455568
455572
455575
455576
455578
455579
455580
455585
455586
455588
455591
455597
455599
455600
455603
455604
455608
455610
455612
455613
455622
455625
455632
455636
455638
455644
455647
455656
455665
455669
455670
455673
455679
455684
455691
455702
455708
455721
455722
455724
455725
455729
455731
455739
455740
455743
455755
455760
455761
455763
455771
455774
455779
455788
455791
455793
455800
455809
455821
455824
455830
455835
455840
455842
455850
455852
455856
455857
455860
455861
455865
455866
455869
455871
455874
455876
455878
455890
455897
455898
455900
455904
455922
455935
455937
455938
455940
455944
455947
455948
455958
455966
455972
455974
455976
455978
455983
455984
455986
455989
455992
455995
456000
456004
456007
456010
456015
456018
456019
456024
456026
456028
456035
456036
456041
456042
456043
456046
456052
456057
456060
456070
456071
456080
456082
456084
456086
456088
456089
456092
456098
456118
456121
456123
456128
456139
456144
456148
456149
456151
456158
456161
456164
456169
456172
456173
456174
456181
456188
456189
456190
456191
456201
456205
456208
456213
456225
456226
456227
456231
456239
456241
456247
456253
456254
456262
456265
456267
456285
456286
456289
456295
456303
456312
456317
456322
456327
456328
456334
456335
456337
456350
456351
456355
456359
456360
456362
456367
456368
456372
456381
456386
456408
456410
456411
456413
456417
456433
456435
456450
456471
456476
456482
456483
456485
456486
456495
456506
456509
456511
456516
456518
456523
456525
456534
456546
456548
456554
456556
456557
456558
456563
456565
456580
456584
456590
456593
456594
456596
456598
456600
456604
456615
456618
456622
456625
456629
456643
456647
456652
456654
456657
456659
456662
456666
456668
456672
456674
456675
456686
456688
456696
456704
456705
456711
456735
456739
456741
456742
456744
456758
456767
456771
456782
456784
456789
456793
456798
456810
456811
456814
456819
456821
456824
456825
456839
456842
456844
456846
456850
456857
456868
456869
456875
456877
456880
456899
456909
456911
456914
456926
456927
456931
456935
456950
456959
456962
456965
456967
456983
456997
457002
457003
457006
457009
457010
457012
457017
457018
457035
457038
457039
457053
457057
457060
457064
457068
457070
457071
457078
457081
457084
457092
457093
457095
457099
457106
457107
457109
457111
457112
457116
457130
457136
457144
457146
457158
457159
457195
457200
457202
457204
457205
457207
457214
457217
457223
457225
457226
457231
457233
457236
457237
457241
457249
457254
457260
457262
457263
457265
457268
457284
457285
457294
457295
457296
457306
457307
457323
457326
457327
457328
457329
457333
457334
457339
457346
457360
457361
457362
457364
457368
457371
457372
457374
457384
457385
457389
457390
457391
457392
457396
457401
457421
457425
457431
457434
457445
457449
457450
457451
457455
457456
457460
457469
457472
457477
457480
457481
457482
457483
457486
457493
457499
457510
457514
457518
457524
457526
457528
457532
457535
457545
457548
457552
457554
457555
457558
457560
457562
457566
457569
457571
457572
457578
457582
457584
457595
457598
457599
457601
457624
457625
457629
457633
457636
457640
457641
457643
457645
457663
457666
457667
457682
457689
457696
457702
457707
457713
457731
457737
457739
457746
457748
457755
457756
457758
457759
457761
457764
457766
457769
457771
457772
457781
457800
457811
457815
457816
457826
457831
457835
457836
457841
457843
457845
457854
457857
457862
457869
457871
457874
457875
457878
457881
457894
457897
457899
457906
457908
457909
457910
457911
457917
457921
457922
457924
457937
457947
457961
457967
457969
457970
457974
457975
457979
457999
458000
458004
458010
458013
458017
458023
458025
458030
458037
458039
458040
458044
458050
458053
458055
458065
458070
458073
458080
458086
458088
458091
458094
458099
458104
458111
458113
458116
458117
458126
458131
458133
458136
458143
458150
458154
458155
458156
458160
458161
458165
458166
458167
458169
458179
458181
458192
458193
458195
458196
458201
458203
458204
458210
458215
458220
458223
458226
458227
458231
458236
458240
458241
458244
458246
458247
458254
458262
458266
458279
458285
458287
458290
458294
458296
458297
458300
458301
458305
458310
458314
458315
458320
458332
458341
458343
458350
458355
458360
458368
458376
458400
458407
458413
458419
458425
458426
458427
458431
458439
458441
458446
458447
458454
458466
458470
458476
458479
458481
458483
458486
458489
458490
458497
458499
458507
458513
458516
458518
458521
458524
458530
458536
458537
458541
458543
458559
458563
458572
458579
458588
458610
458617
458619
458630
458632
458636
458637
458640
458650
458652
458654
458660
458671
458672
458676
458678
458686
458690
458704
458710
458711
458712
458720
458726
458727
458728
458731
458733
458738
458741
458745
458749
458762
458767
458776
458781
458785
458787
458790
458792
458794
458811
458814
458818
458819
458821
458826
458831
458834
458842
458852
458853
458860
458861
458866
458867
458868
458869
458873
458875
458876
458878
458880
458886
458891
458892
458900
458901
458903
458907
458911
458912
458917
458925
458927
458931
458944
458945
458947
458948
458949
458951
458955
458960
458961
458963
458974
458975
458983
458984
458987
458989
458993
458994
458997
458998
459000
459018
459024
459031
459032
459036
459042
459045
459047
459049
459052
459057
459061
459069
459074
459081
459084
459089
459097
459098
459100
459105
459110
459113
459115
459119
459123
459131
459132
459133
459135
459136
459138
459139
459140
459141
459148
459149
459157
459159
459161
459166
459173
459179
459185
459193
459195
459203
459206
459207
459209
459210
459214
459219
459220
459238
459239
459240
459241
459250
459256
459259
459265
459270
459279
459293
459303
459307
459312
459316
459323
459329
459331
459334
459335
459339
459345
459346
459349
459355
459361
459362
459363
459366
459370
459375
459376
459380
459381
459395
459396
459398
459402
459406
459408
459414
459418
459421
459422
459426
459427
459429
459440
459444
459445
459452
459454
459466
459468
459471
459472
459476
459481
459482
459485
459490
459497
459499
459500
459503
459508
459510
459512
459519
459526
459532
459537
459541
459547
459551
459554
459556
459557
459559
459576
459577
459585
459588
459589
459594
459597
459598
459601
459603
459609
459611
459621
459622
459637
459639
459640
459652
459658
459662
459664
459666
459684
459685
459696
459701
459702
459706
459708
459709
459718
459722
459732
459735
459743
459746
459748
459752
459753
459765
459767
459774
459775
459778
459782
459783
459787
459799
459807
459809
459822
459826
459834
459838
459844
459851
459853
459872
459873
459875
459877
459879
459881
459884
459885
459891
459901
459903
459919
459929
459931
459951
459952
459953
459956
459982
459984
459985
459986
459992
460009
460012
460016
460025
460028
460030
460032
460034
460038
460046
460049
460050
460060
460061
460065
460069
460070
460078
460080
460092
460109
460114
460120
460125
460126
460127
460132
460137
460144
460149
460152
460156
460159
460171
460173
460176
460179
460180
460199
460202
460203
460208
460215
460220
460221
460225
460233
460234
460239
460241
460246
460251
460260
460272
460276
460281
460287
460294
460295
460299
460305
460307
460308
460315
460316
460320
460321
460322
460323
460334
460335
460341
460342
460345
460346
460351
460353
460366
460368
460371
460385
460391
460395
460396
460404
460409
460410
460414
460415
460428
460432
460435
460447
460452
460457
460459
460467
460471
460472
460474
460477
460483
460487
460490
460496
460498
460506
460509
460517
460519
460525
460527
460528
460530
460534
460537
460548
460550
460552
460557
460564
460571
460590
460591
460604
460606
460615
460617
460621
460634
460635
460637
460643
460651
460655
460656
460663
460669
460670
460673
460676
460683
460685
460691
460692
460694
460697
460699
460700
460706
460707
460720
460724
460737
460740
460741
460744
460749
460750
460753
460756
460759
460761
460762
460767
460771
460772
460774
460782
460786
460793
460797
460798
460804
460808
460809
460829
460831
460835
460847
460858
460862
460875
460877
460882
460890
460892
460894
460896
460900
460905
460916
460925
460926
460928
460932
460933
460934
460935
460936
460948
460958
460961
460973
460977
460981
460990
460992
460993
460994
460996
461004
461008
461009
461020
461022
461024
461025
461026
461036
461037
461042
461045
461051
461059
461060
461062
461065
461068
461069
461073
461083
461086
461090
461097
461104
461108
461109
461120
461122
461123
461124
461125
461127
461130
461132
461138
461139
461145
461151
461152
461160
461161
461170
461173
461189
461192
461200
461201
461207
461208
461214
461217
461218
461220
461223
461224
461232
461239
461247
461251
461269
461271
461278
461281
461282
461291
461293
461305
461310
461312
461313
461318
461324
461330
461337
461342
461343
461345
461349
461354
461357
461358
461361
461381
461382
461383
461385
461390
461391
461393
461400
461407
461409
461412
461420
461421
461425
461426
461431
461442
461446
461447
461458
461476
461479
461489
461491
461496
461499
461500
461514
461521
461526
461540
461542
461546
461550
461552
461553
461554
461560
461563
461565
461568
461572
461574
461577
461582
461584
461585
461608
461609
461617
461618
461619
461621
461624
461626
461629
461639
461647
461656
461664
461666
461669
461671
461674
461676
461682
461688
461693
461700
461702
461717
461720
461722
461728
461731
461732
461735
461748
461749
461752
461759
461764
461781
461788
461790
461791
461795
461803
461809
461813
461826
461832
461834
461836
461847
461848
461853
461856
461858
461860
461867
461869
461871
461879
461885
461892
461894
461896
461901
461907
461908
461929
461939
461942
461959
461968
461969
461986
461988
461991
461993
461996
461999
462008
462010
462014
462019
462023
462026
462030
462035
462044
462045
462049
462051
462054
462062
462065
462068
462078
462080
462084
462086
462088
462093
462095
462097
462101
462102
462104
462106
462110
462111
462112
462116
462120
462125
462128
462131
462133
462134
462137
462139
462145
462151
462157
462165
462177
462184
462187
462188
462190
462194
462197
462203
462204
462208
462215
462222
462223
462225
462227
462236
462241
462243
462253
462254
462260
462274
462277
462289
462292
462306
462320
462322
462337
462344
462346
462347
462349
462352
462360
462368
462371
462374
462376
462377
462378
462380
462381
462385
462386
462389
462390
462402
462408
462412
462417
462420
462423
462427
462429
462439
462442
462445
462448
462458
462460
462462
462469
462473
462476
462477
462478
462481
462485
462487
462490
462491
462492
462494
462495
462496
462499
462502
462505
462511
462517
462520
462528
462530
462531
462534
462538
462539
462541
462543
462544
462550
462555
462561
462571
462573
462574
462577
462589
462591
462592
462595
462602
462605
462610
462615
462626
462627
462633
462637
462639
462641
462642
462644
462651
462658
462678
462680
462695
462696
462701
462711
462714
462717
462726
462730
462733
462735
462737
462742
462746
462753
462778
462790
462795
462801
462802
462804
462809
462813
462822
462823
462824
462829
462830
462838
462841
462842
462845
462847
462849
462853
462859
462865
462866
462874
462884
462887
462890
462895
462909
462914
462915
462920
462926
462928
462930
462933
462936
462946
462950
462951
462952
462953
462959
462965
462970
462976
462977
462982
462996
462997
463002
463011
463013
463018
463021
463026
463029
463033
463039
463044
463046
463055
463064
463065
463067
463076
463080
463083
463087
463088
463089
463091
463092
463093
463095
463100
463104
463106
463109
463110
463118
463119
463121
463128
463141
463147
463150
463153
463176
463178
463182
463183
463184
463190
463191
463194
463203
463205
463208
463209
463213
463233
463235
463238
463239
463240
463248
463250
463254
463255
463256
463268
463283
463284
463286
463288
463307
463308
463314
463320
463327
463349
463353
463355
463357
463359
463361
463366
463367
463368
463381
463383
463394
463403
463404
463409
463413
463416
463422
463423
463432
463444
463450
463451
463458
463460
463463
463468
463470
463478
463481
463495
463504
463505
463506
463509
463514
463522
463525
463526
463532
463534
463538
463539
463548
463558
463563
463567
463573
463577
463595
463597
463598
463605
463608
463620
463624
463625
463629
463637
463640
463656
463659
463661
463664
463665
463672
463684
463716
463728
463737
463738
463751
463752
463754
463756
463757
463761
463763
463768
463769
463775
463778
463780
463781
463782
463783
463788
463795
463800
463802
463803
463806
463807
463814
463824
463828
463833
463836
463841
463844
463845
463848
463867
463870
463876
463885
463887
463888
463889
463894
463895
463896
463902
463911
463913
463915
463927
463938
463944
463949
463958
463961
463967
463972
463975
463977
463982
463983
463984
463985
463986
463990
463993
464002
464006
464008
464010
464012
464021
464027
464035
464040
464046
464047
464049
464050
464068
464069
464075
464078
464081
464086
464099
464100
464101
464102
464104
464109
464110
464112
464118
464123
464134
464142
464143
464148
464153
464161
464165
464172
464173
464188
464191
464206
464208
464212
464222
464225
464234
464237
464239
464241
464249
464263
464265
464277
464292
464295
464303
464304
464305
464309
464310
464314
464316
464320
464324
464326
464335
464338
464339
464341
464358
464365
464366
464367
464369
464373
464376
464377
464381
464384
464385
464386
464390
464392
464402
464404
464405
464406
464410
464411
464414
464416
464421
464423
464429
464430
464431
464436
464438
464443
464450
464453
464457
464459
464461
464462
464467
464474
464475
464482
464484
464489
464499
464506
464508
464511
464519
464529
464537
464541
464556
464560
464566
464569
464570
464571
464573
464574
464577
464579
464583
464588
464593
464600
464618
464622
464633
464635
464637
464639
464640
464644
464650
464656
464661
464664
464666
464671
464672
464677
464678
464681
464691
464695
464700
464703
464708
464720
464725
464736
464743
464764
464766
464767
464770
464778
464780
464791
464793
464794
464800
464802
464821
464824
464825
464833
464837
464861
464862
464873
464875
464877
464881
464882
464893
464905
464907
464910
464912
464913
464919
464922
464928
464936
464941
464943
464944
464950
464952
464956
464957
464959
464962
464966
464973
464976
464980
464989
464991
464992
465011
465028
465031
465032
465038
465044
465050
465053
465057
465061
465062
465063
465069
465072
465078
465079
465083
465088
465091
465097
465101
465104
465105
465108
465109
465111
465113
465126
465128
465130
465135
465138
465143
465145
465161
465167
465174
465178
465182
465189
465192
465207
465215
465217
465223
465235
465237
465250
465253
465254
465255
465256
465257
465261
465262
465266
465268
465269
465277
465278
465282
465284
465286
465298
465303
465307
465311
465317
465318
465325
465326
465328
465335
465336
465337
465340
465345
465348
465359
465360
465366
465370
465385
465387
465389
465390
465392
465394
465400
465401
465403
465404
465407
465408
465416
465417
465424
465464
465466
465467
465476
465491
465494
465495
465496
465503
465512
465516
465518
465522
465530
465536
465538
465543
465545
465546
465547
465552
465555
465556
465563
465565
465572
465573
465577
465578
465580
465585
465590
465592
465595
465596
465607
465610
465624
465627
465630
465631
465635
465636
465638
465642
465645
465659
465660
465662
465663
465665
465666
465668
465673
465674
465678
465681
465684
465696
465701
465716
465721
465727
465734
465741
465747
465756
465758
465762
465764
465767
465780
465785
465792
465795
465805
465808
465812
465814
465815
465816
465820
465821
465822
465823
465832
465835
465838
465847
465853
465854
465872
465876
465878
465892
465894
465902
465909
465920
465929
465930
465951
465952
465956
465958
465961
465968
465981
465986
465987
466014
466015
466017
466020
466035
466039
466046
466056
466059
466064
466066
466069
466077
466078
466092
466095
466103
466105
466108
466109
466110
466111
466116
466117
466118
466122
466138
466139
466145
466154
466155
466158
466166
466169
466170
466171
466174
466180
466183
466196
466197
466198
466206
466208
466210
466217
466220
466228
466240
466241
466242
466245
466248
466254
466255
466257
466270
466273
466274
466278
466284
466285
466296
466299
466303
466308
466316
466322
466327
466329
466332
466341
466350
466352
466357
466363
466369
466371
466379
466387
466389
466390
466401
466402
466405
466417
466421
466425
466427
466429
466432
466434
466437
466442
466456
466460
466462
466465
466473
466474
466482
466484
466490
466491
466493
466494
466495
466498
466509
466513
466514
466524
466533
466534
466537
466539
466542
466544
466552
466553
466556
466560
466564
466571
466573
466579
466580
466582
466583
466585
466586
466594
466598
466618
466619
466622
466624
466627
466633
466637
466645
466647
466664
466668
466669
466675
466681
466690
466692
466694
466696
466704
466716
466725
466742
466752
466758
466766
466768
466772
466779
466789
466800
466803
466807
466819
466825
466826
466834
466835
466836
466842
466854
466855
466866
466876
466887
466896
466905
466910
466912
466915
466918
466920
466925
466933
466938
466942
466943
466944
466953
466961
466962
466963
466965
466969
466973
466979
466980
466983
466991
466992
466994
466997
466999
467006
467013
467023
467027
467032
467039
467042
467045
467049
467052
467054
467071
467081
467084
467087
467092
467097
467100
467102
467109
467118
467124
467131
467132
467133
467139
467140
467141
467144
467148
467150
467152
467156
467157
467162
467169
467172
467177
467181
467182
467215
467217
467221
467224
467228
467230
467242
467245
467248
467260
467264
467266
467268
467270
467284
467306
467307
467308
467310
467311
467317
467320
467321
467324
467325
467327
467330
467338
467344
467346
467349
467350
467357
467358
467359
467360
467366
467370
467371
467374
467376
467378
467382
467392
467398
467399
467401
467407
467410
467413
467418
467428
467430
467433
467435
467438
467439
467440
467447
467450
467452
467458
467460
467469
467471
467473
467477
467494
467498
467512
467514
467517
467518
467522
467524
467528
467533
467538
467540
467556
467563
467567
467573
467574
467582
467589
467590
467592
467593
467600
467629
467631
467635
467637
467639
467661
467668
467671
467678
467688
467693
467696
467699
467701
467712
467719
467730
467737
467746
467748
467749
467759
467761
467763
467767
467772
467781
467782
467785
467793
467794
467803
467805
467807
467808
467814
467825
467826
467831
467832
467834
467837
467840
467846
467851
467852
467859
467862
467863
467895
467899
467903
467909
467914
467916
467917
467918
467927
467932
467938
467947
467948
467961
467969
467976
467979
467985
467988
467998
468011
468017
468024
468035
468036
468037
468049
468058
468061
468063
468064
468074
468076
468079
468083
468087
468092
468099
468106
468107
468108
468121
468129
468131
468142
468148
468151
468152
468155
468160
468163
468170
468177
468185
468186
468203
468205
468206
468213
468214
468216
468217
468223
468224
468225
468227
468230
468245
468266
468269
468270
468271
468273
468276
468279
468280
468281
468290
468303
468308
468311
468313
468330
468331
468333
468337
468345
468355
468366
468369
468379
468380
468382
468387
468396
468408
468410
468412
468415
468416
468423
468427
468433
468446
468447
468450
468453
468458
468467
468474
468477
468481
468484
468487
468491
468498
468500
468508
468521
468523
468527
468529
468532
468535
468541
468542
468546
468556
468560
468563
468565
468572
468573
468574
468577
468581
468590
468594
468605
468608
468612
468615
468617
468632
468638
468640
468642
468645
468657
468663
468664
468673
468675
468683
468696
468712
468714
468715
468719
468727
468733
468737
468739
468741
468745
468746
468751
468756
468762
468765
468769
468774
468775
468777
468781
468790
468794
468796
468797
468799
468801
468810
468811
468814
468817
468818
468821
468822
468828
468832
468836
468842
468843
468845
468851
468866
468872
468888
468894
468900
468902
468903
468904
468906
468909
468910
468914
468916
468921
468923
468925
468928
468940
468950
468955
468963
468969
468970
468976
468989
468994
468996
468998
469002
469008
469014
469017
469021
469024
469030
469033
469034
469040
469042
469047
469048
469049
469052
469053
469055
469056
469058
469062
469066
469073
469074
469078
469079
469085
469089
469091
469098
469101
469107
469112
469113
469116
469126
469132
469139
469145
469152
469156
469158
469161
469163
469166
469170
469171
469172
469174
469176
469185
469189
469192
469195
469199
469209
469210
469214
469215
469216
469217
469218
469220
469228
469231
469235
469240
469243
469247
469257
469261
469266
469284
469291
469292
469295
469297
469299
469306
469310
469316
469320
469324
469327
469337
469342
469345
469351
469355
469358
469367
469370
469375
469389
469395
469414
469416
469419
469429
469430
469437
469438
469439
469444
469449
469450
469453
469454
469457
469460
469463
469465
469466
469467
469477
469483
469491
469497
469501
469505
469508
469511
469515
469525
469534
469538
469541
469545
469553
469554
469564
469565
469567
469570
469576
469582
469584
469588
469593
469600
469602
469604
469607
469609
469614
469616
469617
469621
469622
469626
469632
469633
469634
469641
469643
469649
469658
469667
469670
469671
469677
469680
469686
469689
469692
469693
469700
469702
469704
469706
469707
469714
469718
469721
469730
469735
469741
469743
469745
469750
469754
469756
469758
469765
469769
469779
469781
469787
469791
469792
469794
469795
469800
469801
469804
469806
469807
469814
469818
469828
469830
469837
469838
469851
469857
469859
469866
469871
469875
469878
469886
469889
469899
469901
469905
469906
469916
469924
469929
469932
469941
469950
469951
469952
469956
469960
469962
469963
469964
469973
469977
469989
469990
469993
469995
469996
469998
470000
470002
470010
470014
470020
470021
470022
470023
470025
470030
470032
470035
470039
470062
470063
470064
470067
470072
470080
470084
470086
470089
470098
470102
470108
470109
470118
470121
470132
470133
470136
470145
470149
470150
470154
470158
470160
470167
470170
470171
470173
470175
470179
470184
470185
470192
470195
470202
470207
470209
470212
470215
470221
470224
470235
470237
470248
470252
470260
470263
470270
470274
470276
470281
470288
470294
470295
470306
470312
470316
470322
470329
470332
470334
470339
470342
470345
470346
470355
470358
470361
470362
470367
470370
470371
470373
470375
470381
470397
470400
470403
470417
470421
470423
470426
470428
470429
470433
470435
470441
470442
470446
470451
470456
470466
470468
470474
470484
470485
470492
470493
470494
470499
470501
470503
470505
470510
470512
470517
470520
470535
470536
470547
470549
470575
470578
470582
470583
470592
470598
470602
470604
470607
470624
470626
470627
470629
470630
470635
470644
470650
470651
470655
470656
470658
470666
470667
470674
470681
470700
470702
470703
470705
470714
470724
470727
470728
470729
470733
470734
470736
470738
470743
470751
470757
470762
470766
470776
470779
470783
470785
470787
470811
470827
470829
470831
470851
470853
470857
470858
470863
470865
470869
470871
470876
470879
470882
470891
470894
470895
470897
470907
470909
470920
470948
470955
470959
470961
470967
470968
470980
470984
470991
470993
470996
470998
470999
471002
471008
471009
471010
471011
471019
471024
471030
471044
471050
471065
471071
471073
471074
471076
471090
471097
471103
471105
471107
471109
471115
471116
471120
471134
471137
471144
471146
471147
471150
471153
471156
471158
471162
471164
471168
471169
471172
471181
471185
471188
471190
471191
471199
471208
471222
471225
471226
471229
471230
471233
471234
471235
471239
471241
471247
471248
471251
471255
471257
471269
471270
471271
471276
471277
471304
471305
471307
471310
471311
471312
471314
471320
471322
471330
471339
471340
471347
471350
471351
471355
471357
471359
471364
471370
471371
471374
471377
471382
471390
471391
471393
471409
471410
471411
471417
471418
471421
471423
471424
471427
471428
471431
471432
471440
471441
471447
471459
471463
471470
471474
471475
471477
471483
471484
471485
471488
471501
471505
471514
471528
471529
471539
471544
471545
471546
471549
471555
471556
471569
471571
471583
471584
471587
471591
471598
471600
471602
471603
471607
471614
471616
471632
471633
471634
471642
471647
471651
471654
471655
471656
471657
471664
471668
471674
471678
471679
471680
471683
471685
471689
471699
471710
471711
471716
471718
471724
471728
471730
471731
471740
471742
471747
471755
471758
471759
471766
471779
471781
471791
471796
471797
471798
471799
471801
471813
471814
471815
471821
471823
471828
471831
471837
471845
471847
471854
471861
471862
471876
471877
471883
471884
471886
471889
471892
471894
471897
471899
471900
471902
471906
471928
471930
471932
471933
471936
471944
471953
471957
471961
471962
471969
471972
471973
471974
471980
471990
471991
471995
471996
471997
472004
472006
472007
472008
472014
472016
472017
472021
472031
472046
472048
472049
472055
472056
472059
472060
472062
472063
472067
472072
472074
472075
472078
472081
472084
472086
472088
472091
472098
472103
472105
472110
472111
472117
472119
472124
472125
472130
472142
472144
472147
472150
472157
472170
472172
472175
472179
472180
472182
472188
472189
472194
472196
472197
472200
472202
472212
472217
472218
472220
472235
472237
472255
472260
472262
472268
472273
472286
472288
472293
472304
472305
472313
472316
472319
472324
472327
472331
472338
472348
472354
472357
472360
472364
472372
472373
472375
472376
472377
472379
472384
472386
472391
472397
472399
472406
472409
472415
472417
472424
472427
472434
472442
472444
472455
472456
472466
472470
472474
472479
472485
472488
472491
472497
472498
472500
472505
472506
472517
472521
472522
472524
472525
472527
472533
472534
472540
472544
472546
472547
472551
472554
472556
472558
472559
472561
472567
472571
472573
472579
472584
472585
472587
472589
472595
472598
472603
472604
472607
472614
472620
472621
472634
472635
472644
472647
472651
472652
472654
472655
472661
472672
472675
472676
472678
472683
472684
472688
472690
472692
472693
472696
472698
472699
472705
472706
472707
472708
472715
472717
472722
472725
472726
472733
472738
472739
472746
472748
472749
472751
472752
472753
472756
472763
472780
472783
472785
472788
472798
472808
472810
472814
472815
472817
472825
472832
472833
472836
472841
472847
472851
472859
472863
472878
472887
472890
472895
472905
472915
472924
472926
472929
472933
472934
472936
472938
472940
472941
472947
472951
472963
472964
472972
472977
472983
472984
472986
472988
472991
472993
472994
473001
473005
473007
473019
473021
473022
473031
473035
473038
473040
473041
473045
473049
473050
473052
473053
473059
473065
473067
473068
473078
473080
473084
473085
473086
473089
473093
473109
473115
473119
473122
473124
473139
473147
473157
473163
473172
473174
473175
473178
473179
473180
473187
473198
473202
473203
473205
473206
473207
473209
473210
473213
473224
473227
473229
473235
473246
473256
473263
473266
473274
473277
473285
473289
473290
473291
473294
473296
473298
473302
473309
473312
473321
473326
473330
473332
473339
473340
473341
473342
473351
473353
473357
473361
473362
473369
473376
473382
473384
473386
473387
473390
473404
473408
473414
473419
473424
473425
473427
473433
473435
473437
473440
473442
473443
473452
473456
473463
473469
473471
473472
473480
473490
473493
473503
473520
473534
473545
473548
473550
473552
473556
473563
473567
473568
473572
473586
473595
473598
473603
473604
473611
473615
473616
473617
473623
473628
473630
473635
473639
473640
473651
473653
473657
473664
473673
473676
473677
473678
473681
473685
473687
473693
473694
473695
473700
473703
473711
473713
473715
473716
473719
473726
473727
473729
473733
473739
473760
473761
473762
473766
473776
473779
473782
473803
473814
473816
473823
473826
473845
473849
473853
473857
473861
473870
473873
473875
473879
473882
473884
473885
473886
473889
473896
473899
473902
473905
473907
473909
473917
473922
473933
473949
473950
473956
473964
473973
473975
473977
473978
473988
473991
473993
473995
473998
474001
474006
474016
474020
474022
474029
474030
474040
474042
474047
474049
474050
474056
474058
474066
474067
474073
474076
474083
474093
474097
474099
474100
474101
474105
474108
474115
474116
474118
474119
474125
474128
474135
474142
474153
474155
474156
474158
474164
474165
474167
474169
474172
474174
474179
474180
474182
474190
474191
474197
474202
474205
474210
474212
474217
474231
474232
474234
474237
474239
474242
474246
474249
474250
474263
474269
474273
474275
474281
474282
474288
474292
474293
474302
474303
474309
474314
474316
474317
474323
474325
474339
474340
474352
474358
474360
474363
474364
474367
474369
474383
474388
474392
474394
474396
474406
474411
474419
474420
474425
474429
474431
474433
474436
474444
474451
474458
474466
474476
474481
474486
474491
474495
474500
474504
474511
474514
474515
474517
474519
474522
474525
474529
474539
474541
474542
474545
474551
474563
474564
474570
474571
474574
474581
474586
474587
474591
474593
474598
474601
474604
474606
474616
474619
474623
474625
474629
474632
474634
474638
474642
474653
474654
474657
474659
474678
474683
474696
474708
474710
474736
474744
474752
474777
474779
474784
474788
474791
474796
474797
474798
474806
474808
474812
474815
474818
474819
474822
474824
474827
474831
474843
474847
474852
474862
474869
474870
474877
474888
474889
474895
474898
474910
474914
474927
474931
474935
474939
474943
474945
474950
474954
474960
474964
474977
474982
474986
474990
474991
474992
474995
475019
475020
475021
475028
475030
475035
475037
475041
475042
475043
475057
475060
475067
475074
475078
475079
475084
475095
475110
475111
475112
475120
475121
475123
475124
475125
475131
475137
475138
475142
475144
475148
475163
475172
475181
475183
475185
475190
475193
475195
475200
475207
475214
475215
475217
475221
475225
475229
475231
475237
475247
475248
475249
475253
475254
475257
475271
475273
475275
475276
475278
475281
475282
475285
475290
475298
475302
475303
475305
475307
475317
475319
475323
475326
475328
475332
475338
475346
475352
475354
475361
475363
475370
475372
475373
475375
475383
475385
475389
475391
475395
475399
475401
475402
475406
475410
475415
475416
475419
475422
475424
475426
475431
475435
475436
475438
475439
475446
475454
475457
475462
475467
475468
475477
475478
475483
475484
475487
475488
475492
475496
475497
475500
475501
475502
475504
475508
475510
475512
475514
475517
475518
475519
475522
475532
475533
475537
475538
475539
475544
475549
475554
475556
475559
475563
475570
475571
475582
475588
475591
475592
475606
475619
475622
475627
475645
475648
475650
475653
475654
475655
475660
475662
475666
475668
475669
475674
475678
475680
475684
475692
475696
475699
475701
475702
475707
475709
475710
475721
475723
475726
475727
475728
475732
475734
475738
475742
475744
475749
475750
475754
475756
475764
475766
475767
475768
475771
475802
475803
475804
475807
475812
475816
475828
475830
475831
475839
475855
475857
475876
475881
475884
475902
475906
475907
475913
475915
475926
475927
475933
475944
475945
475950
475964
475967
475971
475979
475983
475987
475988
475989
475991
475992
475997
476004
476006
476007
476010
476011
476013
476016
476021
476031
476038
476040
476049
476064
476067
476072
476074
476100
476104
476111
476113
476117
476134
476144
476145
476154
476157
476159
476160
476161
476164
476169
476173
476181
476186
476197
476199
476206
476213
476214
476223
476231
476232
476241
476243
476244
476251
476254
476257
476261
476269
476273
476276
476280
476286
476288
476292
476294
476304
476305
476309
476311
476312
476314
476319
476346
476358
476359
476362
476365
476369
476371
476373
476374
476376
476378
476380
476381
476384
476390
476391
476392
476398
476411
476414
476418
476422
476427
476428
476429
476438
476440
476441
476444
476455
476462
476464
476470
476472
476474
476482
476487
476490
476502
476503
476511
476515
476520
476525
476528
476536
476541
476545
476554
476560
476562
476563
476566
476568
476578
476580
476594
476595
476602
476603
476605
476607
476609
476612
476615
476618
476620
476627
476628
476631
476638
476640
476642
476643
476647
476651
476656
476667
476672
476687
476710
476711
476714
476720
476722
476723
476725
476733
476744
476747
476778
476780
476783
476787
476801
476805
476811
476814
476816
476818
476824
476827
476830
476833
476835
476836
476838
476841
476844
476849
476853
476855
476858
476860
476861
476867
476871
476874
476876
476877
476879
476891
476892
476893
476897
476907
476910
476915
476928
476931
476935
476938
476942
476945
476947
476950
476951
476954
476966
476967
476972
476974
476986
477001
477003
477011
477014
477018
477022
477023
477024
477026
477037
477042
477044
477052
477060
477066
477067
477075
477078
477082
477083
477097
477102
477109
477111
477116
477125
477138
477144
477151
477155
477156
477166
477169
477183
477186
477194
477195
477197
477198
477199
477200
477203
477216
477217
477227
477233
477238
477246
477249
477254
477257
477260
477261
477262
477268
477274
477276
477277
477279
477280
477282
477294
477299
477300
477301
477302
477306
477327
477331
477334
477335
477336
477337
477340
477341
477348
477349
477350
477356
477361
477363
477370
477380
477382
477387
477392
477407
477410
477412
477421
477423
477429
477433
477439
477443
477446
477453
477455
477461
477465
477466
477467
477469
477473
477474
477479
477482
477490
477495
477499
477505
477511
477512
477517
477518
477525
477530
477538
477539
477562
477564
477565
477566
477569
477581
477582
477591
477595
477598
477605
477606
477607
477615
477617
477631
477632
477634
477638
477640
477648
477649
477661
477662
477669
477673
477678
477686
477688
477698
477705
477708
477710
477712
477715
477718
477719
477725
477731
477732
477737
477750
477751
477753
477755
477757
477760
477762
477765
477766
477769
477775
477781
477788
477791
477792
477797
477799
477805
477808
477809
477810
477814
477820
477824
477831
477834
477839
477854
477856
477863
477868
477881
477885
477887
477889
477899
477902
477925
477926
477931
477932
477936
477941
477946
477960
477964
477971
477972
477980
477983
477984
477986
477990
477991
477992
477996
477998
478002
478004
478014
478021
478025
478027
478029
478033
478042
478048
478051
478054
478066
478068
478070
478073
478075
478079
478089
478098
478103
478105
478120
478129
478132
478136
478143
478146
478148
478150
478159
478165
478168
478176
478182
478183
478186
478195
478202
478206
478208
478210
478211
478221
478222
478225
478232
478233
478234
478241
478247
478250
478258
478261
478262
478264
478273
478274
478277
478283
478290
478291
478298
478299
478305
478309
478310
478311
478322
478323
478325
478336
478337
478347
478348
478352
478356
478365
478376
478389
478397
478399
478401
478404
478406
478411
478413
478416
478418
478422
478423
478425
478435
478436
478437
478443
478444
478449
478456
478461
478462
478464
478466
478469
478472
478474
478476
478480
478483
478484
478488
478492
478493
478498
478499
478504
478505
478506
478509
478511
478512
478514
478520
478525
478534
478535
478538
478548
478549
478554
478556
478562
478564
478571
478578
478583
478593
478595
478599
478603
478610
478623
478625
478626
478628
478634
478639
478644
478646
478647
478649
478651
478656
478658
478670
478672
478678
478679
478682
478688
478692
478693
478697
478698
478700
478701
478708
478711
478712
478717
478720
478725
478727
478728
478729
478736
478741
478744
478749
478750
478752
478754
478765
478769
478774
478776
478788
478789
478791
478795
478807
478813
478825
478826
478828
478830
478836
478837
478841
478843
478853
478856
478867
478871
478876
478878
478888
478889
478891
478903
478906
478910
478921
478928
478931
478932
478938
478939
478941
478947
478949
478950
478951
478955
478962
478965
478966
478967
478968
478972
478976
478979
478981
478986
478988
478998
479000
479002
479004
479007
479011
479017
479029
479033
479036
479037
479041
479049
479064
479066
479067
479072
479079
479080
479083
479085
479091
479093
479094
479095
479098
479099
479100
479106
479113
479115
479131
479132
479134
479138
479144
479148
479151
479152
479154
479163
479169
479180
479186
479191
479198
479205
479209
479217
479219
479220
479221
479222
479231
479250
479251
479254
479256
479262
479263
479266
479271
479279
479283
479284
479294
479304
479306
479313
479329
479331
479333
479340
479343
479353
479360
479366
479376
479383
479396
479398
479399
479400
479401
479406
479410
479420
479426
479427
479429
479430
479432
479434
479438
479439
479440
479446
479456
479460
479461
479464
479466
479468
479471
479476
479486
479490
479494
479496
479513
479516
479528
479533
479534
479536
479537
479538
479540
479545
479546
479547
479551
479559
479560
479562
479574
479575
479582
479583
479587
479593
479605
479607
479608
479614
479619
479626
479631
479636
479642
479652
479656
479669
479673
479674
479679
479688
479689
479692
479693
479698
479699
479700
479705
479706
479717
479722
479728
479753
479761
479762
479763
479769
479770
479772
479773
479783
479791
479792
479794
479797
479808
479824
479826
479835
479836
479838
479845
479853
479855
479859
479861
479869
479885
479887
479890
479896
479897
479901
479905
479911
479912
479921
479924
479929
479930
479935
479940
479941
479943
479946
479953
479955
479962
479976
479985
479989
479991
479994
480016
480019
480021
480023
480028
480029
480031
480036
480039
480042
480044
480046
480050
480053
480055
480062
480076
480082
480092
480093
480102
480103
480116
480119
480121
480130
480134
480139
480141
480143
480145
480146
480147
480150
480157
480158
480166
480171
480174
480175
480180
480187
480190
480192
480196
480198
480203
480215
480220
480223
480225
480227
480231
480243
480245
480246
480263
480264
480268
480269
480272
480276
480282
480283
480288
480291
480293
480298
480301
480304
480305
480306
480308
480324
480328
480329
480335
480339
480343
480344
480360
480364
480365
480373
480380
480385
480386
480390
480391
480397
480400
480407
480409
480420
480427
480430
480431
480435
480443
480448
480459
480461
480462
480466
480471
480477
480478
480491
480494
480500
480512
480515
480517
480522
480523
480525
480528
480531
480537
480539
480554
480555
480564
480568
480570
480575
480585
480587
480589
480590
480592
480602
480606
480607
480622
480631
480639
480646
480652
480658
480674
480675
480679
480697
480699
480704
480712
480713
480721
480735
480745
480748
480756
480759
480777
480779
480785
480796
480800
480801
480803
480806
480817
480822
480842
480843
480846
480853
480854
480856
480857
480859
480866
480869
480870
480872
480886
480892
480898
480899
480901
480904
480905
480906
480914
480921
480925
480927
480929
480933
480943
480945
480949
480952
480967
480974
480996
480997
481008
481013
481014
481026
481033
481036
481038
481042
481044
481047
481048
481049
481052
481053
481054
481061
481062
481064
481067
481068
481072
481077
481081
481086
481094
481095
481096
481112
481114
481121
481125
481136
481137
481138
481140
481143
481148
481151
481155
481160
481166
481169
481181
481182
481184
481192
481203
481205
481206
481235
481238
481241
481244
481250
481251
481257
481260
481262
481265
481272
481275
481286
481287
481288
481297
481308
481311
481316
481323
481326
481328
481329
481331
481337
481343
481349
481362
481369
481370
481377
481392
481401
481403
481407
481410
481413
481424
481429
481430
481435
481436
481439
481445
481446
481456
481461
481464
481465
481466
481471
481476
481478
481484
481485
481492
481499
481500
481508
481516
481521
481533
481535
481536
481541
481545
481558
481560
481569
481573
481576
481583
481584
481588
481590
481593
481595
481598
481600
481601
481610
481612
481615
481618
481634
481638
481640
481643
481664
481666
481667
481673
481685
481697
481702
481704
481720
481723
481727
481732
481733
481735
481739
481741
481747
481751
481752
481753
481765
481768
481771
481772
481774
481779
481780
481781
481783
481791
481792
481800
481804
481806
481807
481810
481813
481814
481816
481817
481819
481827
481829
481831
481835
481836
481837
481838
481839
481840
481843
481845
481852
481855
481861
481862
481864
481866
481868
481870
481871
481873
481874
481882
481891
481892
481895
481902
481909
481910
481913
481916
481921
481922
481923
481928
481935
481951
481958
481960
481961
481967
481969
481979
481982
481991
481997
482003
482011
482012
482016
482018
482020
482022
482023
482029
482035
482037
482039
482045
482052
482059
482060
482062
482063
482064
482067
482069
482078
482080
482090
482091
482094
482096
482101
482113
482118
482119
482125
482127
482129
482136
482137
482139
482146
482154
482162
482167
482170
482173
482182
482184
482185
482199
482203
482210
482214
482218
482223
482225
482230
482232
482237
482240
482245
482246
482249
482250
482251
482252
482254
482256
482262
482264
482270
482277
482278
482281
482283
482287
482289
482290
482293
482294
482300
482306
482307
482308
482312
482330
482331
482333
482334
482337
482343
482346
482358
482360
482363
482377
482385
482387
482402
482406
482407
482410
482411
482430
482434
482438
482448
482452
482454
482460
482474
482482
482484
482488
482490
482492
482498
482500
482505
482510
482512
482516
482520
482521
482522
482525
482527
482530
482535
482539
482542
482564
482567
482579
482585
482587
482589
482591
482593
482595
482596
482597
482601
482605
482606
482610
482616
482620
482628
482630
482633
482636
482638
482641
482642
482645
482654
482655
482659
482663
482667
482674
482699
482701
482705
482714
482726
482727
482728
482730
482732
482735
482743
482744
482745
482749
482755
482758
482761
482764
482766
482772
482777
482778
482781
482782
482784
482786
482791
482797
482801
482805
482811
482817
482825
482826
482832
482837
482845
482847
482853
482857
482864
482865
482867
482869
482873
482878
482885
482887
482889
482900
482909
482915
482935
482938
482942
482949
482951
482957
482958
482966
482973
482975
482978
482979
482980
482998
483005
483007
483013
483020
483024
483028
483032
483036
483041
483049
483051
483063
483065
483069
483070
483072
483077
483079
483089
483091
483101
483104
483107
483111
483113
483120
483126
483129
483142
483145
483153
483173
483175
483196
483198
483209
483212
483216
483218
483219
483220
483221
483231
483240
483246
483253
483258
483259
483268
483273
483274
483276
483280
483281
483282
483286
483291
483292
483294
483300
483304
483308
483310
483313
483331
483341
483342
483351
483352
483363
483374
483384
483386
483387
483389
483399
483401
483404
483409
483410
483411
483414
483416
483422
483423
483433
483435
483436
483438
483440
483442
483444
483450
483455
483456
483464
483465
483468
483480
483493
483503
483513
483521
483523
483529
483537
483539
483540
483545
483549
483558
483559
483560
483567
483572
483580
483584
483586
483594
483603
483613
483629
483632
483634
483637
483639
483642
483646
483648
483652
483654
483662
483664
483666
483669
483670
483679
483686
483688
483690
483692
483694
483695
483700
483702
483707
483708
483723
483725
483728
483730
483733
483735
483737
483744
483745
483746
483753
483766
483768
483769
483772
483778
483779
483799
483809
483812
483818
483822
483823
483826
483831
483833
483835
483847
483859
483861
483874
483878
483882
483888
483892
483899
483901
483906
483911
483912
483914
483934
483941
483948
483949
483953
483965
483971
483972
483974
483981
483983
483985
483986
483987
483990
483996
483997
484005
484008
484011
484019
484022
484030
484039
484041
484042
484047
484056
484060
484061
484064
484067
484072
484073
484078
484081
484089
484092
484094
484098
484102
484104
484115
484117
484125
484133
484146
484155
484156
484157
484161
484163
484169
484170
484173
484175
484176
484177
484179
484182
484193
484200
484208
484209
484216
484220
484222
484224
484225
484229
484234
484235
484236
484257
484262
484265
484268
484271
484273
484276
484303
484304
484305
484308
484309
484314
484319
484322
484327
484333
484334
484335
484338
484339
484340
484342
484353
484357
484358
484359
484369
484370
484371
484376
484381
484405
484407
484411
484421
484422
484424
484426
484427
484431
484434
484446
484448
484450
484455
484458
484463
484489
484492
484493
484495
484498
484502
484512
484513
484516
484517
484519
484521
484525
484530
484550
484553
484554
484558
484560
484561
484564
484571
484572
484579
484580
484582
484586
484603
484617
484618
484621
484624
484625
484627
484637
484640
484642
484646
484652
484654
484657
484665
484666
484678
484682
484686
484689
484700
484708
484712
484722
484727
484733
484739
484741
484747
484757
484758
484762
484764
484776
484779
484786
484793
484796
484798
484801
484802
484803
484805
484811
484812
484819
484821
484823
484838
484845
484851
484856
484857
484859
484865
484875
484882
484886
484889
484890
484897
484899
484901
484904
484905
484908
484909
484912
484913
484927
484942
484945
484950
484957
484962
484965
484968
484972
484974
484975
484976
484981
484983
484985
484996
485002
485003
485005
485006
485007
485011
485016
485018
485020
485025
485026
485027
485035
485042
485046
485048
485063
485064
485066
485084
485085
485087
485088
485107
485119
485122
485127
485131
485133
485138
485143
485147
485149
485155
485166
485167
485173
485178
485181
485186
485187
485188
485211
485212
485214
485215
485219
485221
485226
485229
485233
485237
485246
485256
485264
485273
485279
485283
485284
485288
485297
485299
485310
485320
485322
485323
485327
485341
485349
485355
485356
485359
485363
485365
485369
485370
485377
485379
485381
485385
485388
485391
485392
485399
485407
485417
485419
485421
485422
485429
485432
485436
485440
485444
485446
485448
485460
485470
485474
485486
485501
485508
485509
485511
485512
485513
485529
485534
485543
485558
485566
485569
485573
485574
485575
485577
485580
485603
485616
485619
485627
485629
485636
485640
485649
485650
485652
485656
485658
485664
485669
485671
485674
485694
485698
485705
485708
485709
485711
485716
485717
485729
485731
485735
485739
485742
485745
485746
485747
485748
485749
485752
485761
485766
485767
485774
485776
485778
485781
485782
485784
485785
485796
485797
485814
485827
485828
485830
485838
485842
485847
485848
485850
485853
485854
485856
485859
485862
485863
485865
485866
485872
485874
485875
485880
485886
485891
485892
485894
485895
485898
485903
485912
485914
485924
485925
485930
485936
485947
485953
485960
485961
485969
485970
485975
485977
485991
485998
486000
486001
486012
486013
486018
486021
486028
486035
486044
486048
486052
486056
486062
486063
486064
486071
486076
486077
486079
486082
486085
486087
486090
486097
486098
486100
486102
486103
486106
486109
486120
486123
486124
486126
486134
486138
486141
486142
486145
486146
486148
486149
486150
486151
486152
486154
486155
486159
486161
486169
486170
486172
486173
486187
486193
486196
486203
486208
486212
486214
486215
486221
486225
486228
486229
486235
486237
486238
486241
486243
486253
486258
486261
486263
486265
486274
486275
486276
486280
486283
486286
486287
486290
486291
486298
486308
486313
486315
486320
486325
486330
486334
486336
486338
486341
486348
486357
486365
486366
486374
486384
486403
486405
486419
486420
486424
486425
486428
486432
486437
486444
486446
486458
486469
486470
486471
486479
486480
486485
486486
486487
486492
486496
486499
486509
486510
486513
486522
486524
486525
486528
486530
486533
486535
486536
486540
486543
486548
486553
486566
486570
486574
486577
486580
486585
486589
486607
486609
486615
486616
486617
486633
486638
486642
486646
486648
486649
486651
486655
486664
486666
486678
486680
486685
486686
486690
486695
486697
486698
486699
486711
486714
486719
486722
486723
486727
486737
486741
486742
486744
486750
486758
486766
486768
486790
486793
486794
486800
486801
486803
486804
486805
486813
486816
486818
486825
486829
486831
486835
486837
486838
486842
486847
486861
486862
486867
486874
486884
486889
486905
486908
486924
486928
486938
486955
486959
486961
486968
486976
486987
486989
486994
487008
487009
487012
487013
487016
487017
487019
487024
487033
487036
487039
487045
487047
487054
487055
487058
487069
487077
487085
487090
487095
487096
487102
487104
487111
487116
487125
487130
487134
487140
487146
487147
487168
487178
487184
487197
487199
487200
487204
487210
487217
487222
487227
487233
487236
487237
487248
487252
487258
487260
487267
487270
487272
487273
487281
487282
487296
487302
487305
487325
487334
487335
487336
487345
487353
487357
487360
487362
487363
487373
487376
487379
487388
487392
487395
487396
487413
487423
487429
487435
487438
487442
487447
487450
487454
487455
487460
487464
487476
487489
487496
487505
487506
487508
487510
487514
487524
487526
487528
487531
487536
487538
487549
487550
487555
487568
487569
487570
487572
487573
487579
487580
487593
487594
487601
487625
487626
487647
487652
487653
487654
487655
487661
487682
487685
487694
487698
487699
487705
487706
487714
487730
487732
487745
487746
487747
487749
487759
487763
487771
487775
487776
487782
487789
487796
487797
487805
487806
487810
487811
487819
487820
487821
487822
487826
487828
487830
487834
487835
487839
487840
487842
487846
487862
487864
487872
487874
487879
487885
487887
487888
487889
487892
487893
487898
487909
487920
487921
487924
487930
487940
487941
487952
487953
487954
487957
487961
487962
487969
487977
487983
487985
487993
488000
488005
488010
488013
488023
488028
488033
488038
488044
488046
488049
488058
488060
488062
488069
488071
488079
488080
488086
488091
488095
488096
488101
488102
488106
488107
488116
488119
488124
488128
488137
488139
488142
488145
488161
488162
488164
488166
488168
488175
488180
488184
488188
488189
488199
488200
488208
488218
488219
488223
488225
488228
488237
488239
488244
488245
488262
488277
488283
488284
488287
488298
488301
488302
488304
488306
488311
488312
488317
488328
488329
488332
488334
488343
488352
488359
488360
488373
488375
488376
488377
488382
488387
488392
488395
488396
488397
488400
488404
488429
488430
488434
488444
488460
488463
488464
488470
488474
488475
488480
488482
488485
488490
488496
488503
488506
488508
488516
488544
488547
488548
488550
488552
488555
488569
488570
488574
488581
488582
488585
488586
488589
488591
488607
488608
488609
488615
488621
488623
488625
488630
488638
488641
488645
488649
488654
488659
488660
488668
488670
488673
488678
488689
488690
488694
488698
488699
488705
488708
488709
488712
488713
488717
488722
488726
488728
488729
488734
488737
488743
488748
488754
488755
488757
488758
488761
488763
488769
488771
488779
488787
488788
488792
488800
488801
488804
488812
488819
488821
488826
488827
488829
488832
488833
488838
488841
488849
488853
488854
488856
488862
488865
488873
488874
488881
488884
488892
488894
488902
488906
488914
488918
488919
488921
488927
488937
488941
488944
488945
488953
488954
488957
488962
488973
488974
488984
488988
488992
489001
489002
489007
489010
489012
489020
489033
489035
489042
489043
489047
489049
489051
489069
489084
489091
489095
489098
489100
489109
489120
489122
489123
489124
489127
489136
489141
489142
489150
489161
489169
489170
489172
489179
489181
489188
489191
489201
489202
489205
489209
489210
489216
489228
489233
489242
489245
489251
489253
489256
489258
489260
489266
489269
489272
489279
489281
489283
489284
489286
489289
489297
489298
489305
489306
489308
489312
489318
489319
489321
489323
489326
489336
489339
489347
489350
489360
489362
489365
489371
489372
489380
489385
489386
489390
489395
489397
489400
489405
489411
489420
489432
489434
489437
489438
489439
489458
489459
489473
489476
489481
489483
489484
489486
489487
489490
489505
489514
489519
489536
489547
489555
489558
489561
489562
489563
489566
489570
489574
489579
489587
489588
489594
489607
489613
489614
489620
489624
489625
489627
489631
489645
489646
489647
489650
489656
489658
489672
489679
489690
489692
489698
489705
489708
489712
489715
489716
489721
489723
489726
489735
489736
489743
489746
489748
489750
489753
489767
489771
489775
489777
489782
489784
489786
489792
489793
489798
489799
489802
489804
489812
489816
489818
489826
489834
489837
489845
489847
489853
489855
489857
489864
489869
489870
489874
489876
489878
489881
489885
489886
489887
489890
489891
489893
489895
489898
489903
489909
489911
489914
489919
489935
489939
489942
489944
489945
489948
489950
489953
489954
489959
489966
489967
489970
489973
489977
489978
489987
489990
489997
490015
490019
490030
490036
490037
490040
490042
490044
490045
490047
490053
490057
490060
490063
490069
490071
490076
490090
490097
490102
490105
490106
490117
490127
490129
490131
490136
490137
490138
490141
490146
490147
490148
490150
490152
490156
490159
490163
490169
490172
490173
490174
490182
490190
490199
490213
490218
490220
490229
490230
490232
490235
490237
490247
490255
490271
490272
490276
490278
490284
490286
490288
490293
490295
490303
490306
490307
490308
490309
490322
490323
490324
490325
490328
490353
490360
490367
490371
490379
490382
490383
490386
490393
490400
490401
490406
490407
490415
490424
490425
490429
490433
490434
490435
490442
490446
490448
490459
490463
490465
490466
490468
490470
490472
490474
490490
490495
490506
490508
490509
490527
490529
490531
490551
490560
490562
490563
490564
490572
490578
490580
490590
490607
490612
490613
490619
490630
490631
490637
490639
490640
490644
490647
490649
490650
490654
490659
490661
490662
490667
490668
490673
490682
490684
490687
490689
490690
490696
490702
490706
490711
490713
490714
490722
490727
490733
490738
490740
490742
490743
490754
490755
490758
490773
490775
490781
490782
490786
490787
490788
490796
490797
490809
490810
490815
490816
490821
490826
490827
490834
490836
490840
490848
490849
490873
490883
490884
490888
490892
490897
490903
490907
490914
490916
490927
490930
490937
490939
490941
490956
490959
490960
490971
490974
490976
490981
490983
490984
490989
490993
490996
490999
491004
491005
491013
491015
491034
491038
491042
491049
491053
491058
491070
491074
491078
491084
491095
491097
491100
491101
491108
491112
491115
491121
491134
491136
491139
491141
491143
491144
491151
491153
491154
491160
491162
491163
491169
491178
491179
491184
491193
491194
491197
491200
491201
491206
491216
491220
491222
491227
491244
491254
491256
491261
491265
491267
491271
491283
491285
491288
491290
491295
491301
491303
491304
491310
491311
491319
491323
491324
491325
491330
491334
491339
491340
491341
491346
491349
491352
491355
491364
491370
491375
491376
491386
491390
491391
491393
491395
491399
491400
491402
491408
491419
491420
491426
491427
491430
491433
491434
491437
491439
491458
491462
491479
491481
491483
491484
491487
491491
491493
491495
491503
491505
491512
491514
491515
491520
491525
491529
491530
491531
491546
491547
491558
491571
491573
491579
491580
491581
491587
491594
491595
491600
491612
491620
491628
491630
491631
491645
491649
491655
491659
491680
491690
491691
491698
491699
491701
491712
491716
491722
491731
491732
491735
491740
491741
491742
491743
491744
491746
491753
491757
491759
491763
491769
491777
491779
491783
491786
491788
491790
491793
491807
491815
491822
491835
491849
491853
491856
491864
491879
491881
491882
491883
491893
491901
491903
491905
491913
491915
491918
491919
491924
491928
491930
491931
491932
491944
491946
491951
491952
491953
491957
491959
491974
491976
491980
491996
491997
491999
492018
492024
492026
492041
492054
492065
492067
492070
492078
492079
492084
492096
492099
492101
492102
492106
492108
492110
492112
492115
492118
492125
492127
492134
492135
492140
492153
492160
492162
492168
492174
492178
492189
492190
492193
492196
492197
492208
492214
492217
492220
492221
492224
492226
492230
492232
492247
492248
492249
492250
492257
492258
492260
492262
492263
492264
492265
492267
492274
492281
492287
492289
492290
492292
492298
492303
492307
492309
492315
492321
492329
492330
492333
492334
492359
492365
492373
492377
492381
492383
492386
492394
492400
492406
492407
492410
492419
492422
492424
492427
492431
492435
492439
492440
492444
492451
492452
492458
492461
492463
492464
492470
492479
492480
492487
492492
492502
492514
492527
492532
492537
492549
492553
492556
492558
492562
492563
492571
492577
492581
492584
492595
492597
492598
492599
492602
492603
492609
492613
492615
492618
492629
492630
492631
492634
492635
492637
492638
492641
492643
492645
492650
492654
492659
492661
492663
492664
492675
492682
492685
492689
492696
492699
492703
492708
492710
492714
492728
492729
492731
492733
492738
492742
492748
492750
492751
492753
492756
492759
492768
492769
492770
492787
492792
492796
492797
492800
492813
492815
492819
492825
492826
492833
492838
492843
492851
492855
492857
492864
492865
492866
492867
492868
492870
492871
492872
492873
492876
492877
492878
492886
492887
492888
492889
492893
492894
492895
492898
492908
492924
492931
492936
492938
492953
492958
492961
492964
492967
492971
492972
492979
492980
492982
492991
492994
492997
493002
493004
493006
493008
493011
493014
493016
493020
493022
493031
493033
493037
493044
493045
493046
493049
493053
493054
493060
493067
493070
493071
493073
493075
493076
493079
493080
493084
493085
493088
493090
493095
493099
493100
493102
493105
493107
493111
493114
493128
493131
493135
493136
493140
493155
493160
493165
493172
493176
493179
493180
493200
493209
493210
493215
493220
493223
493225
493226
493229
493230
493235
493241
493243
493253
493263
493266
493268
493273
493277
493278
493285
493286
493287
493298
493301
493303
493306
493312
493314
493321
493342
493349
493359
493360
493367
493368
493372
493373
493377
493378
493381
493382
493384
493385
493388
493391
493392
493393
493404
493405
493410
493411
493414
493419
493423
493424
493425
493427
493445
493448
493457
493473
493474
493475
493479
493480
493486
493491
493498
493503
493513
493519
493524
493526
493537
493539
493553
493556
493558
493566
493576
493579
493585
493591
493592
493597
493598
493599
493602
493604
493614
493617
493618
493627
493628
493632
493638
493641
493649
493652
493655
493657
493658
493666
493668
493670
493676
493677
493687
493689
493694
493715
493717
493719
493720
493726
493727
493728
493729
493732
493733
493735
493742
493757
493758
493766
493770
493773
493785
493790
493791
493794
493800
493801
493802
493810
493816
493827
493834
493842
493856
493857
493863
493864
493871
493878
493879
493888
493890
493892
493893
493894
493895
493896
493898
493899
493904
493910
493913
493934
493939
493942
493945
493947
493948
493949
493950
493952
493953
493955
493960
493961
493966
493969
493975
493979
493980
493995
493997
493998
494012
494013
494016
494017
494024
494026
494033
494035
494041
494043
494047
494050
494054
494063
494065
494066
494069
494070
494072
494076
494082
494089
494090
494091
494097
494105
494106
494110
494111
494113
494122
494124
494130
494140
494143
494148
494149
494152
494167
494170
494171
494176
494187
494188
494197
494198
494201
494203
494208
494215
494220
494221
494223
494229
494234
494235
494237
494241
494245
494246
494258
494263
494268
494269
494273
494279
494284
494294
494301
494305
494307
494311
494317
494323
494325
494328
494342
494343
494347
494349
494354
494358
494365
494366
494368
494373
494375
494377
494378
494379
494380
494383
494390
494401
494402
494412
494413
494423
494435
494439
494449
494451
494474
494485
494491
494505
494519
494521
494524
494527
494529
494531
494534
494535
494538
494539
494540
494541
494543
494550
494559
494561
494566
494567
494571
494590
494594
494596
494609
494615
494619
494621
494629
494630
494634
494639
494640
494641
494650
494654
494655
494656
494661
494662
494665
494666
494670
494671
494674
494676
494688
494693
494708
494710
494712
494713
494715
494726
494735
494749
494750
494762
494766
494769
494772
494778
494781
494782
494789
494791
494795
494796
494808
494815
494817
494824
494825
494833
494842
494847
494854
494855
494862
494864
494867
494868
494869
494871
494883
494888
494890
494891
494893
494896
494902
494906
494909
494910
494913
494914
494916
494917
494920
494923
494925
494928
494930
494933
494935
494936
494944
494952
494955
494956
494957
494960
494985
494993
494999
495009
495012
495014
495016
495017
495019
495021
495024
495028
495031
495034
495035
495040
495054
495056
495076
495080
495081
495089
495092
495101
495106
495110
495118
495122
495127
495138
495147
495149
495150
495154
495158
495163
495166
495169
495170
495172
495177
495182
495189
495192
495195
495196
495210
495213
495219
495220
495221
495223
495229
495232
495233
495237
495241
495242
495244
495245
495251
495252
495259
495260
495263
495283
495287
495290
495293
495296
495298
495299
495300
495306
495307
495318
495322
495325
495327
495335
495346
495368
495370
495371
495374
495377
495395
495396
495397
495398
495401
495402
495403
495409
495412
495418
495427
495428
495429
495432
495437
495438
495440
495445
495451
495459
495460
495464
495467
495474
495476
495477
495484
495487
495490
495496
495501
495508
495515
495516
495520
495521
495527
495530
495533
495538
495547
495548
495557
495563
495573
495574
495578
495579
495580
495585
495586
495619
495627
495629
495631
495635
495645
495661
495664
495665
495679
495685
495686
495695
495698
495701
495706
495730
495731
495732
495735
495740
495750
495754
495761
495768
495769
495786
495788
495791
495796
495797
495804
495809
495813
495816
495817
495818
495824
495825
495827
495829
495832
495834
495837
495846
495854
495855
495860
495864
495865
495866
495870
495876
495878
495879
495883
495889
495896
495897
495901
495902
495915
495916
495921
495925
495929
495935
495937
495938
495941
495947
495948
495960
495964
495965
495967
495969
495970
495979
495988
495993
496006
496011
496018
496025
496026
496033
496044
496046
496053
496054
496058
496059
496061
496062
496063
496068
496071
496074
496091
496093
496103
496107
496108
496111
496114
496122
496125
496126
496128
496131
496132
496137
496142
496146
496147
496155
496157
496169
496170
496180
496184
496188
496194
496197
496211
496215
496231
496236
496254
496258
496269
496272
496275
496279
496281
496288
496289
496290
496291
496298
496304
496311
496312
496317
496318
496320
496322
496329
496330
496331
496332
496335
496339
496341
496342
496343
496344
496345
496346
496348
496354
496358
496365
496367
496375
496381
496385
496390
496394
496399
496402
496403
496425
496431
496439
496440
496442
496447
496450
496451
496452
496453
496455
496460
496463
496465
496466
496470
496473
496477
496480
496491
496499
496504
496508
496518
496521
496525
496531
496536
496540
496548
496551
496552
496556
496557
496564
496574
496579
496581
496584
496591
496599
496604
496608
496609
496613
496615
496621
496625
496626
496630
496635
496654
496655
496658
496660
496661
496666
496667
496670
496672
496684
496689
496690
496717
496727
496731
496737
496741
496745
496746
496747
496752
496756
496757
496761
496765
496767
496768
496773
496775
496792
496793
496797
496799
496801
496804
496806
496808
496809
496810
496820
496833
496837
496839
496843
496847
496854
496856
496871
496885
496886
496888
496889
496890
496902
496903
496904
496906
496907
496910
496912
496917
496918
496923
496924
496929
496938
496939
496949
496950
496954
496960
496961
496978
496981
496984
496987
496989
496994
497002
497005
497010
497012
497017
497019
497025
497029
497034
497042
497043
497047
497049
497051
497054
497060
497066
497074
497078
497081
497083
497084
497089
497090
497091
497096
497100
497103
497106
497124
497137
497143
497147
497151
497153
497159
497163
497166
497174
497179
497182
497184
497187
497191
497194
497197
497199
497202
497209
497218
497220
497228
497229
497241
497242
497247
497252
497256
497262
497263
497264
497266
497267
497281
497286
497293
497295
497303
497316
497318
497321
497322
497328
497331
497333
497335
497336
497342
497349
497352
497354
497358
497361
497367
497371
497374
497378
497379
497384
497390
497400
497407
497422
497426
497428
497434
497435
497436
497442
497445
497449
497451
497462
497463
497465
497467
497468
497470
497480
497483
497492
497495
497496
497498
497504
497511
497516
497519
497521
497523
497525
497528
497530
497531
497535
497542
497550
497560
497561
497563
497564
497567
497572
497576
497583
497591
497595
497596
497598
497601
497616
497617
497632
497635
497637
497643
497644
497648
497649
497651
497657
497658
497660
497672
497673
497683
497700
497703
497708
497713
497720
497728
497740
497742
497750
497752
497753
497755
497761
497764
497768
497770
497774
497776
497779
497784
497787
497792
497793
497797
497798
497799
497808
497810
497813
497816
497833
497836
497837
497838
497843
497854
497861
497872
497877
497881
497885
497903
497910
497911
497913
497914
497916
497918
497920
497926
497932
497936
497938
497939
497945
497946
497947
497949
497950
497951
497953
497962
497964
497967
497968
497971
497973
497979
497988
497996
497998
498001
498003
498004
498007
498012
498020
498029
498031
498032
498033
498038
498042
498043
498050
498065
498067
498069
498071
498078
498092
498097
498100
498106
498107
498109
498111
498113
498126
498129
498130
498138
498144
498146
498147
498149
498157
498158
498168
498170
498172
498185
498187
498188
498193
498196
498201
498215
498222
498224
498230
498232
498235
498246
498250
498264
498271
498275
498289
498291
498292
498298
498301
498307
498319
498322
498325
498327
498332
498347
498364
498365
498367
498378
498380
498389
498397
498398
498403
498404
498407
498417
498423
498426
498428
498432
498435
498437
498441
498442
498444
498446
498447
498449
498451
498453
498461
498464
498466
498468
498472
498476
498478
498486
498500
498502
498505
498515
498531
498543
498548
498556
498561
498569
498579
498585
498588
498597
498598
498601
498602
498604
498607
498609
498618
498620
498622
498629
498632
498640
498642
498643
498650
498653
498655
498661
498666
498674
498685
498688
498689
498692
498693
498701
498707
498708
498717
498718
498720
498727
498732
498733
498735
498736
498745
498751
498755
498760
498772
498774
498779
498783
498787
498792
498805
498814
498817
498820
498831
498841
498853
498863
498868
498870
498875
498882
498884
498885
498887
498890
498891
498892
498900
498901
498906
498912
498921
498925
498928
498929
498933
498938
498940
498946
498951
498957
498959
498966
498968
498974
498975
498976
498977
498978
498982
498989
498993
498997
498998
498999
499000
499005
499008
499011
499012
499019
499022
499023
499025
499030
499031
499032
499033
499045
499055
499058
499060
499066
499071
499073
499076
499080
499088
499089
499096
499098
499101
499103
499106
499109
499113
499119
499137
499139
499142
499148
499153
499159
499172
499176
499177
499179
499180
499183
499191
499193
499194
499198
499199
499202
499211
499217
499223
499225
499228
499234
499237
499241
499242
499243
499245
499261
499262
499265
499271
499273
499274
499275
499281
499282
499284
499287
499289
499290
499293
499306
499312
499314
499321
499323
499331
499339
499341
499354
499361
499365
499374
499377
499378
499380
499381
499383
499391
499397
499401
499403
499410
499412
499414
499415
499428
499430
499433
499435
499436
499438
499440
499446
499447
499450
499452
499464
499469
499470
499477
499486
499493
499497
499502
499507
499522
499525
499528
499532
499541
499544
499550
499553
499558
499560
499561
499563
499566
499567
499568
499569
499576
499584
499588
499589
499590
499591
499595
499596
499610
499619
499623
499627
499628
499629
499630
499632
499640
499642
499644
499645
499647
499652
499653
499659
499661
499669
499678
499688
499692
499701
499702
499706
499713
499719
499721
499731
499734
499736
499738
499748
499766
499776
499781
499784
499788
499798
499809
499812
499815
499817
499818
499824
499825
499827
499834
499858
499866
499876
499879
499880
499881
499882
499883
499887
499894
499896
499906
499908
499914
499917
499918
499921
499922
499925
499929
499938
499946
499949
499950
499955
499959
499973
499985
500006
500019
500035
500038
500041
500056
500072
500079
500081
500082
500085
500089
500091
500097
500101
500112
500116
500118
500120
500122
500130
500134
500140
500144
500146
500148
500164
500165
500167
500171
500174
500177
500186
500196
500198
500202
500209
500214
500224
500228
500235
500237
500238
500248
500255
500256
500261
500262
500264
500268
500276
500277
500279
500285
500287
500299
500303
500305
500309
500310
500312
500315
500316
500339
500341
500344
500347
500352
500353
500355
500356
500366
500367
500371
500373
500374
500377
500380
500383
500386
500390
500394
500397
500398
500405
500413
500416
500418
500419
500421
500427
500437
500439
500442
500443
500445
500450
500463
500465
500474
500478
500482
500495
500497
500499
500500
500507
500509
500513
500515
500518
500522
500525
500528
500529
500534
500535
500542
500546
500547
500548
500553
500555
500560
500562
500565
500575
500586
500588
500599
500600
500602
500615
500619
500622
500625
500634
500635
500649
500651
500653
500654
500655
500656
500670
500673
500677
500680
500704
500708
500722
500730
500734
500739
500741
500742
500743
500754
500755
500756
500757
500762
500766
500778
500780
500790
500793
500803
500809
500829
500838
500840
500845
500851
500854
500863
500872
500886
500897
500902
500910
500911
500913
500918
500926
500945
500948
500950
500954
500956
500957
500962
500963
500967
500972
500974
500979
500983
500987
500988
500990
500993
500995
500996
501003
501004
501005
501018
501022
501028
501048
501052
501059
501062
501063
501066
501067
501073
501078
501080
501081
501086
501088
501091
501093
501094
501096
501099
501102
501106
501113
501120
501121
501126
501127
501128
501133
501134
501137
501138
501149
501151
501157
501163
501171
501176
501178
501186
501188
501193
501197
501204
501211
501214
501218
501219
501224
501225
501227
501232
501237
501239
501242
501245
501254
501273
501282
501293
501296
501299
501302
501311
501321
501322
501326
501328
501330
501331
501334
501344
501346
501353
501356
501359
501361
501369
501370
501372
501377
501379
501380
501384
501397
501398
501399
501403
501406
501407
501413
501415
501423
501424
501428
501430
501434
501437
501439
501447
501448
501453
501455
501462
501466
501467
501476
501478
501479
501480
501485
501487
501488
501492
501496
501498
501501
501506
501520
501529
501531
501534
501535
501545
501546
501557
501561
501564
501568
501569
501573
501584
501586
501588
501598
501599
501601
501604
501612
501615
501626
501627
501635
501636
501642
501643
501651
501660
501664
501667
501682
501683
501684
501690
501699
501700
501701
501702
501704
501705
501707
501712
501713
501718
501723
501725
501728
501731
501735
501738
501744
501745
501751
501754
501755
501756
501757
501758
501760
501763
501764
501766
501770
501773
501779
501781
501784
501791
501800
501804
501805
501810
501811
501818
501819
501821
501830
501834
501844
501847
501848
501849
501852
501860
501865
501867
501879
501880
501881
501883
501884
501886
501891
501893
501901
501909
501912
501915
501916
501921
501925
501926
501932
501936
501937
501938
501940
501942
501945
501948
501951
501953
501955
501957
501967
501969
501971
501974
501976
501978
501981
501983
501989
501996
501998
501999
502003
502013
502018
502019
502023
502026
502029
502034
502036
502042
502043
502044
502053
502071
502073
502075
502078
502083
502093
502096
502097
502099
502110
502119
502121
502127
502132
502133
502140
502141
502143
502144
502146
502148
502150
502151
502152
502159
502173
502175
502189
502191
502193
502196
502197
502198
502200
502205
502212
502221
502227
502242
502244
502245
502253
502254
502257
502260
502272
502274
502283
502284
502286
502287
502289
502295
502304
502306
502307
502310
502312
502314
502331
502334
502335
502355
502357
502359
502365
502367
502368
502376
502378
502379
502382
502383
502384
502385
502386
502387
502394
502398
502400
502401
502402
502407
502409
502415
502420
502421
502424
502427
502429
502432
502433
502437
502439
502442
502446
502448
502455
502457
502460
502462
502463
502466
502470
502472
502483
502498
502499
502502
502503
502506
502511
502512
502515
502525
502529
502530
502535
502542
502547
502553
502554
502556
502557
502558
502563
502564
502567
502573
502578
502588
502595
502596
502601
502603
502604
502605
502608
502611
502614
502615
502621
502622
502624
502625
502633
502637
502643
502651
502653
502658
502663
502664
502665
502666
502668
502681
502687
502688
502693
502696
502704
502709
502710
502713
502715
502717
502723
502724
502725
502726
502727
502735
502739
502740
502746
502752
502756
502768
502769
502770
502771
502784
502789
502792
502797
502798
502803
502807
502808
502810
502814
502818
502822
502827
502829
502833
502835
502843
502844
502845
502850
502855
502856
502872
502873
502876
502886
502887
502892
502893
502894
502901
502902
502911
502913
502916
502919
502923
502925
502941
502945
502946
502951
502952
502953
502956
502957
502962
502963
502964
502966
502973
502975
502983
502984
503002
503009
503013
503018
503021
503022
503033
503034
503036
503038
503042
503048
503051
503063
503065
503068
503074
503075
503080
503086
503088
503093
503094
503101
503103
503108
503110
503112
503122
503131
503133
503147
503148
503164
503174
503175
503177
503184
503186
503189
503192
503194
503200
503203
503206
503208
503210
503211
503222
503225
503227
503238
503246
503249
503250
503252
503254
503256
503260
503261
503262
503267
503277
503280
503283
503284
503288
503289
503290
503291
503297
503301
503302
503306
503308
503309
503318
503328
503331
503339
503350
503363
503365
503376
503377
503387
503388
503393
503405
503406
503410
503415
503426
503429
503430
503432
503433
503434
503436
503445
503467
503468
503476
503479
503492
503496
503502
503517
503524
503529
503530
503531
503546
503547
503549
503553
503565
503569
503570
503576
503584
503601
503606
503608
503615
503621
503629
503632
503633
503639
503641
503647
503648
503654
503656
503664
503676
503679
503684
503689
503693
503695
503697
503704
503705
503706
503708
503710
503711
503712
503714
503720
503727
503728
503730
503731
503732
503734
503740
503749
503751
503756
503763
503783
503789
503791
503798
503802
503805
503809
503810
503811
503817
503818
503820
503821
503822
503827
503840
503842
503847
503849
503852
503853
503856
503860
503862
503870
503872
503876
503878
503886
503887
503888
503894
503896
503897
503901
503903
503908
503911
503919
503922
503930
503931
503934
503935
503940
503943
503944
503947
503950
503953
503955
503958
503962
503967
503969
503971
503974
503982
503987
503988
503989
503990
503997
503999
504006
504009
504012
504016
504020
504022
504023
504025
504027
504029
504038
504039
504042
504045
504047
504054
504059
504066
504069
504070
504075
504080
504081
504086
504092
504105
504109
504113
504115
504116
504119
504124
504128
504132
504140
504148
504157
504161
504162
504164
504166
504169
504173
504176
504181
504182
504184
504193
504201
504203
504212
504214
504224
504234
504237
504250
504259
504262
504276
504278
504283
504288
504291
504293
504296
504297
504300
504302
504303
504305
504306
504312
504329
504330
504334
504339
504352
504366
504369
504374
504376
504392
504399
504409
504410
504411
504417
504419
504424
504427
504437
504438
504439
504442
504446
504455
504457
504459
504460
504462
504471
504472
504478
504485
504486
504488
504489
504490
504494
504508
504509
504511
504515
504516
504520
504521
504523
504530
504532
504550
504551
504558
504559
504564
504577
504579
504582
504584
504585
504591
504593
504599
504602
504608
504612
504613
504621
504622
504639
504642
504649
504655
504663
504669
504694
504696
504702
504705
504706
504707
504711
504715
504717
504718
504719
504720
504722
504726
504728
504729
504732
504735
504747
504751
504752
504753
504755
504758
504766
504767
504769
504770
504772
504795
504805
504809
504825
504833
504836
504839
504841
504844
504856
504859
504866
504869
504870
504878
504881
504884
504890
504891
504893
504895
504904
504906
504908
504923
504924
504932
504939
504941
504946
504948
504949
504956
504957
504958
504959
504964
504972
505000
505002
505012
505014
505020
505023
505027
505036
505044
505063
505065
505071
505072
505076
505083
505086
505095
505103
505106
505108
505109
505113
505114
505115
505117
505120
505123
505132
505143
505147
505152
505158
505161
505165
505166
505171
505180
505183
505185
505191
505200
505204
505210
505211
505212
505213
505214
505224
505228
505229
505231
505241
505248
505268
505269
505271
505274
505279
505282
505291
505297
505299
505300
505302
505311
505312
505331
505333
505335
505340
505341
505347
505354
505358
505360
505362
505367
505392
505394
505401
505405
505407
505413
505417
505420
505424
505429
505431
505432
505435
505441
505446
505449
505461
505464
505468
505474
505476
505479
505480
505483
505496
505504
505508
505511
505522
505527
505531
505535
505540
505545
505558
505559
505568
505583
505587
505588
505592
505599
505606
505607
505610
505611
505614
505621
505637
505640
505643
505646
505648
505649
505655
505661
505665
505670
505671
505673
505690
505696
505697
505704
505714
505727
505729
505735
505741
505752
505754
505757
505762
505770
505771
505774
505778
505783
505787
505788
505789
505790
505800
505802
505810
505820
505821
505843
505848
505856
505868
505870
505876
505878
505881
505895
505918
505928
505929
505931
505936
505943
505956
505963
505968
505977
505979
505984
505985
505988
506002
506006
506010
506018
506019
506022
506025
506028
506040
506042
506045
506047
506050
506054
506056
506057
506062
506065
506066
506074
506077
506092
506095
506100
506103
506106
506115
506121
506124
506132
506133
506137
506143
506152
506153
506154
506159
506163
506168
506171
506174
506176
506186
506192
506194
506199
506204
506206
506213
506220
506244
506245
506246
506250
506254
506255
506256
506259
506260
506261
506265
506268
506269
506271
506273
506275
506299
506304
506305
506306
506328
506329
506332
506338
506343
506346
506353
506355
506359
506361
506368
506375
506379
506382
506385
506386
506388
506391
506397
506402
506403
506408
506417
506421
506432
506437
506438
506444
506449
506456
506463
506466
506469
506470
506473
506476
506477
506478
506482
506483
506487
506493
506501
506504
506508
506518
506522
506525
506531
506536
506538
506539
506540
506545
506548
506566
506567
506570
506575
506582
506584
506590
506595
506603
506604
506609
506610
506612
506623
506624
506625
506626
506635
506638
506640
506642
506644
506645
506653
506656
506664
506666
506671
506672
506681
506682
506685
506692
506697
506701
506702
506703
506704
506715
506716
506718
506720
506727
506729
506731
506732
506738
506744
506747
506750
506772
506794
506796
506800
506804
506807
506818
506824
506835
506839
506844
506846
506847
506859
506861
506862
506868
506873
506880
506885
506886
506892
506895
506896
506897
506901
506913
506929
506931
506933
506934
506935
506937
506938
506941
506946
506952
506961
506962
506967
506973
506975
506976
506978
506986
506988
506997
507006
507010
507017
507024
507025
507026
507027
507034
507040
507048
507054
507056
507057
507065
507070
507071
507080
507082
507086
507087
507089
507090
507091
507092
507098
507102
507106
507107
507123
507125
507127
507129
507130
507134
507142
507147
507148
507150
507155
507159
507165
507167
507174
507181
507182
507190
507191
507194
507200
507205
507210
507219
507225
507227
507228
507230
507231
507243
507246
507249
507251
507254
507256
507257
507259
507261
507262
507275
507279
507297
507298
507315
507329
507331
507333
507337
507339
507346
507349
507350
507356
507365
507376
507378
507382
507390
507395
507409
507413
507414
507421
507422
507426
507432
507445
507446
507451
507452
507455
507460
507464
507468
507493
507496
507500
507507
507510
507511
507523
507528
507532
507535
507537
507541
507544
507547
507556
507557
507558
507568
507571
507572
507577
507584
507588
507592
507598
507600
507602
507604
507607
507609
507615
507618
507619
507621
507629
507633
507639
507644
507651
507654
507655
507659
507662
507668
507673
507674
507678
507680
507681
507686
507693
507699
507709
507712
507713
507714
507716
507730
507731
507735
507740
507743
507745
507751
507752
507759
507768
507775
507780
507785
507799
507805
507808
507811
507820
507824
507826
507828
507831
507833
507835
507836
507839
507845
507848
507855
507857
507867
507869
507881
507884
507887
507893
507894
507905
507930
507939
507940
507942
507951
507953
507962
507965
507966
507969
507988
507994
507999
508004
508007
508010
508014
508023
508029
508035
508041
508050
508053
508061
508064
508065
508071
508075
508078
508080
508082
508086
508087
508093
508097
508103
508106
508107
508111
508115
508138
508140
508145
508148
508150
508153
508155
508157
508160
508165
508175
508178
508181
508186
508191
508194
508202
508203
508205
508208
508218
508219
508222
508224
508239
508250
508257
508258
508259
508264
508265
508268
508271
508277
508279
508282
508284
508291
508304
508316
508318
508324
508327
508328
508329
508330
508341
508350
508352
508353
508358
508380
508383
508391
508392
508409
508413
508419
508432
508434
508435
508436
508437
508439
508445
508447
508450
508456
508464
508468
508469
508476
508479
508480
508485
508486
508487
508492
508493
508494
508498
508506
508509
508511
508514
508519
508521
508522
508525
508527
508530
508532
508534
508535
508536
508538
508542
508554
508555
508558
508560
508564
508567
508568
508579
508580
508581
508591
508595
508597
508599
508601
508606
508608
508610
508612
508621
508629
508640
508647
508648
508658
508664
508667
508669
508671
508672
508676
508680
508688
508690
508695
508698
508703
508707
508712
508713
508714
508718
508719
508723
508733
508739
508741
508742
508770
508773
508774
508785
508787
508788
508801
508802
508810
508812
508813
508816
508822
508825
508831
508837
508843
508850
508854
508864
508868
508873
508874
508875
508882
508885
508887
508897
508898
508899
508903
508913
508914
508923
508931
508932
508934
508938
508944
508951
508958
508959
508962
508963
508966
508972
508973
508981
508983
508987
508992
508997
508998
509003
509010
509011
509012
509022
509025
509032
509035
509040
509041
509044
509047
509049
509054
509060
509061
509065
509077
509080
509089
509095
509105
509112
509116
509119
509127
509133
509138
509140
509148
509150
509156
509157
509171
509176
509189
509199
509204
509206
509207
509214
509215
509222
509232
509234
509246
509250
509255
509259
509260
509265
509288
509296
509300
509318
509319
509320
509334
509344
509345
509354
509356
509358
509359
509364
509365
509366
509372
509374
509377
509383
509387
509389
509391
509401
509405
509406
509412
509418
509427
509431
509436
509439
509444
509455
509462
509473
509475
509483
509489
509494
509495
509497
509503
509513
509516
509524
509526
509536
509540
509543
509546
509551
509554
509557
509561
509578
509589
509591
509594
509603
509617
509620
509627
509628
509633
509636
509639
509640
509641
509661
509666
509667
509669
509672
509678
509679
509684
509685
509686
509687
509691
509692
509693
509704
509706
509708
509711
509718
509719
509720
509738
509741
509745
509760
509771
509779
509780
509782
509783
509784
509786
509788
509790
509792
509793
509797
509802
509803
509820
509821
509830
509842
509845
509851
509853
509856
509857
509863
509870
509876
509877
509878
509881
509885
509888
509897
509899
509900
509905
509910
509913
509920
509922
509926
509930
509934
509942
509948
509951
509952
509953
509955
509959
509961
509969
509971
509973
509975
509978
509979
509985
509987
509999
510010
510017
510024
510025
510027
510029
510032
510039
510042
510046
510047
510064
510077
510078
510080
510082
510085
510089
510091
510101
510105
510108
510110
510111
510116
510126
510127
510139
510141
510157
510158
510167
510175
510181
510182
510189
510195
510197
510199
510200
510201
510203
510209
510210
510212
510216
510219
510221
510230
510235
510237
510250
510253
510268
510277
510280
510286
510288
510296
510304
510305
510307
510312
510317
510327
510332
510334
510337
510341
510343
510344
510347
510348
510349
510352
510361
510363
510370
510376
510377
510380
510382
510390
510395
510402
510407
510415
510421
510422
510426
510427
510429
510432
510433
510442
510444
510447
510461
510462
510468
510470
510481
510484
510489
510495
510496
510499
510512
510515
510518
510519
510522
510523
510527
510535
510540
510543
510548
510550
510552
510562
510563
510565
510566
510567
510568
510582
510583
510589
510591
510592
510602
510607
510609
510611
510616
510618
510619
510622
510624
510628
510641
510643
510657
510666
510673
510676
510679
510685
510686
510688
510691
510703
510707
510709
510710
510721
510722
510726
510729
510730
510733
510753
510757
510760
510762
510763
510777
510778
510779
510784
510791
510792
510793
510799
510800
510808
510816
510833
510838
510841
510848
510856
510857
510860
510869
510872
510881
510906
510907
510908
510909
510922
510924
510926
510927
510928
510930
510931
510932
510951
510959
510963
510964
510966
510981
510982
510989
510992
510995
510997
510999
511001
511002
511004
511005
511009
511015
511018
511023
511027
511039
511040
511044
511051
511055
511072
511075
511082
511092
511093
511097
511099
511107
511110
511113
511114
511119
511120
511122
511126
511130
511134
511138
511147
511149
511151
511160
511162
511163
511165
511167
511170
511173
511186
511194
511195
511199
511203
511205
511209
511212
511213
511214
511218
511219
511220
511221
511222
511223
511230
511235
511236
511238
511248
511257
511264
511265
511272
511291
511292
511298
511299
511304
511309
511318
511319
511322
511326
511336
511339
511343
511352
511354
511357
511368
511369
511378
511380
511381
511382
511383
511391
511396
511398
511400
511413
511415
511418
511420
511428
511430
511431
511435
511437
511438
511441
511442
511443
511464
511473
511477
511483
511487
511489
511491
511499
511500
511517
511522
511523
511528
511532
511533
511537
511539
511544
511546
511547
511551
511554
511563
511566
511573
511575
511580
511586
511589
511590
511593
511602
511614
511619
511624
511625
511630
511632
511638
511648
511656
511657
511665
511666
511679
511681
511690
511694
511700
511702
511703
511706
511707
511714
511720
511729
511731
511735
511737
511738
511743
511744
511747
511750
511757
511758
511759
511761
511764
511765
511773
511776
511781
511782
511791
511793
511795
511818
511820
511823
511827
511830
511837
511839
511844
511845
511847
511852
511856
511865
511866
511871
511888
511890
511894
511896
511901
511906
511923
511929
511930
511943
511945
511946
511947
511950
511966
511968
511971
511978
511979
511983
511995
511996
512000
512006
512009
512013
512028
512031
512043
512047
512051
512052
512059
512061
512066
512069
512077
512083
512084
512092
512099
512100
512101
512106
512110
512114
512129
512149
512151
512152
512181
512186
512188
512189
512196
512201
512204
512205
512208
512211
512216
512219
512222
512225
512227
512228
512233
512244
512250
512261
512269
512292
512295
512297
512314
512315
512316
512324
512327
512329
512330
512331
512336
512337
512340
512346
512347
512352
512356
512366
512372
512374
512387
512394
512397
512398
512401
512412
512413
512418
512421
512424
512431
512444
512447
512454
512458
512464
512466
512468
512474
512475
512476
512479
512480
512484
512485
512493
512494
512508
512520
512523
512528
512530
512536
512540
512541
512543
512548
512549
512551
512555
512563
512564
512566
512574
512576
512587
512589
512593
512599
512601
512603
512607
512614
512617
512620
512629
512636
512637
512638
512640
512641
512645
512646
512648
512659
512666
512667
512672
512683
512691
512694
512696
512702
512709
512710
512714
512717
512718
512723
512726
512729
512731
512740
512743
512745
512747
512754
512756
512758
512761
512763
512781
512785
512786
512788
512790
512804
512807
512808
512810
512817
512824
512829
512833
512837
512857
512861
512865
512866
512874
512880
512885
512893
512899
512901
512904
512905
512913
512920
512924
512926
512930
512931
512932
512934
512948
512972
512975
512976
512979
512980
512981
512987
512989
512990
512996
513005
513006
513008
513017
513020
513024
513025
513030
513043
513044
513054
513056
513057
513066
513067
513068
513074
513079
513086
513094
513099
513102
513106
513107
513111
513114
513120
513129
513134
513147
513149
513152
513160
513161
513163
513174
513176
513183
513186
513192
513201
513210
513211
513219
513225
513227
513230
513234
513238
513240
513243
513247
513268
513270
513271
513275
513283
513286
513292
513294
513296
513311
513323
513333
513335
513336
513339
513340
513343
513345
513351
513365
513368
513374
513376
513378
513379
513382
513383
513388
513389
513391
513409
513420
513426
513429
513431
513440
513449
513463
513464
513466
513468
513473
513478
513481
513486
513488
513500
513503
513506
513510
513517
513523
513527
513536
513537
513541
513543
513548
513551
513552
513556
513557
513558
513569
513574
513583
513586
513590
513596
513601
513612
513615
513618
513628
513634
513641
513647
513648
513649
513651
513652
513654
513655
513660
513670
513673
513677
513684
513708
513715
513717
513718
513722
513726
513728
513735
513742
513743
513744
513748
513750
513762
513763
513772
513773
513777
513784
513786
513794
513795
513796
513798
513801
513806
513817
513822
513823
513827
513836
513838
513839
513844
513846
513849
513863
513871
513878
513881
513883
513885
513898
513901
513902
513905
513906
513908
513912
513913
513934
513935
513936
513944
513956
513958
513965
513969
513971
513974
513975
513979
513988
513990
513992
513995
514004
514007
514013
514018
514022
514031
514038
514039
514041
514042
514044
514045
514055
514060
514063
514079
514086
514101
514103
514109
514110
514124
514129
514130
514133
514142
514146
514147
514158
514161
514163
514170
514173
514177
514181
514184
514185
514186
514188
514189
514194
514196
514204
514205
514206
514210
514215
514216
514221
514232
514234
514235
514236
514237
514239
514240
514246
514248
514255
514261
514262
514280
514284
514286
514287
514295
514301
514303
514305
514313
514314
514320
514322
514323
514324
514325
514327
514330
514331
514341
514343
514353
514359
514361
514364
514365
514369
514370
514371
514375
514380
514383
514384
514389
514391
514395
514396
514397
514404
514408
514427
514440
514442
514446
514448
514453
514462
514463
514472
514475
514477
514486
514489
514490
514491
514500
514506
514511
514517
514526
514529
514533
514540
514542
514546
514547
514548
514561
514563
514569
514571
514573
514575
514576
514577
514585
514592
514601
514602
514603
514607
514617
514621
514623
514625
514627
514628
514631
514634
514641
514642
514657
514661
514663
514673
514683
514692
514695
514701
514708
514709
514711
514715
514717
514724
514729
514735
514740
514743
514745
514748
514750
514765
514767
514772
514801
514802
514809
514812
514813
514814
514817
514822
514829
514833
514836
514845
514847
514881
514890
514904
514908
514913
514914
514928
514933
514939
514941
514945
514946
514948
514951
514964
514966
514973
514983
514985
514987
514995
515001
515003
515009
515015
515018
515021
515022
515023
515026
515039
515057
515064
515065
515070
515072
515080
515087
515101
515105
515107
515108
515110
515117
515121
515124
515130
515133
515137
515138
515143
515161
515168
515180
515185
515191
515197
515212
515215
515222
515226
515239
515241
515247
515278
515287
515289
515293
515301
515302
515312
515325
515337
515339
515340
515344
515345
515351
515353
515361
515364
515381
515386
515390
515391
515403
515408
515412
515415
515425
515427
515431
515435
515437
515442
515459
515463
515479
515487
515489
515497
515501
515506
515510
515514
515516
515519
515528
515534
515536
515539
515541
515543
515565
515574
515576
515580
515582
515587
515590
515592
515598
515599
515600
515605
515607
515614
515615
515621
515633
515637
515639
515642
515654
515659
515662
515668
515675
515676
515685
515704
515714
515723
515729
515730
515731
515748
515752
515757
515761
515762
515764
515767
515773
515774
515779
515785
515786
515790
515798
515808
515817
515821
515822
515823
515825
515826
515831
515838
515841
515844
515845
515859
515860
515863
515866
515869
515876
515877
515881
515882
515890
515892
515893
515898
515899
515908
515911
515912
515916
515920
515924
515926
515934
515935
515936
515949
515957
515958
515963
515965
515968
515969
515972
515978
515984
515990
515994
516001
516002
516003
516008
516009
516010
516017
516027
516028
516032
516038
516039
516042
516046
516055
516058
516071
516077
516078
516081
516086
516087
516095
516096
516098
516099
516101
516103
516105
516111
516115
516118
516122
516124
516125
516126
516131
516135
516138
516141
516142
516143
516150
516152
516153
516160
516161
516168
516172
516174
516182
516190
516196
516197
516200
516204
516207
516212
516214
516215
516216
516217
516221
516223
516233
516235
516243
516247
516252
516257
516258
516261
516265
516267
516268
516274
516276
516283
516284
516285
516293
516296
516298
516299
516304
516306
516310
516313
516314
516317
516332
516337
516338
516351
516353
516361
516363
516365
516366
516367
516380
516382
516383
516384
516389
516390
516395
516399
516406
516409
516413
516414
516422
516427
516430
516437
516454
516458
516460
516465
516468
516480
516481
516483
516489
516490
516496
516500
516501
516510
516514
516519
516528
516531
516535
516537
516543
516547
516552
516554
516555
516563
516570
516582
516587
516596
516600
516606
516609
516611
516612
516615
516618
516619
516626
516640
516642
516643
516655
516658
516665
516666
516669
516677
516684
516685
516688
516689
516690
516694
516695
516697
516704
516708
516710
516713
516718
516722
516726
516729
516732
516738
516742
516745
516754
516758
516760
516761
516772
516783
516788
516792
516797
516801
516802
516804
516808
516812
516815
516821
516823
516829
516833
516837
516856
516857
516859
516866
516885
516887
516890
516892
516895
516897
516905
516906
516907
516908
516916
516918
516922
516923
516941
516943
516944
516950
516963
516968
516970
516972
516974
516977
516982
516983
516996
516997
517000
517006
517008
517009
517012
517016
517026
517031
517032
517054
517065
517066
517076
517078
517080
517082
517088
517105
517107
517110
517112
517113
517115
517116
517124
517126
517128
517131
517149
517154
517161
517164
517169
517174
517176
517178
517182
517183
517185
517186
517195
517200
517204
517209
517217
517218
517222
517248
517249
517250
517252
517258
517262
517265
517267
517268
517284
517291
517295
517297
517302
517305
517306
517309
517310
517312
517314
517315
517322
517329
517333
517337
517341
517345
517349
517353
517354
517365
517366
517373
517376
517394
517402
517404
517413
517422
517458
517460
517469
517483
517490
517491
517500
517504
517506
517515
517518
517521
517525
517528
517529
517531
517532
517534
517535
517538
517552
517554
517565
517569
517577
517583
517592
517593
517602
517606
517615
517616
517622
517624
517628
517629
517630
517632
517636
517641
517642
517643
517646
517654
517658
517668
517673
517679
517681
517684
517698
517700
517704
517731
517732
517733
517735
517736
517750
517753
517754
517756
517763
517778
517779
517786
517789
517795
517796
517809
517812
517818
517822
517823
517836
517841
517845
517846
517853
517854
517855
517862
517864
517866
517872
517875
517876
517881
517885
517889
517902
517903
517904
517909
517910
517930
517931
517937
517941
517949
517951
517953
517959
517960
517969
517974
517975
517976
517990
517998
518003
518012
518013
518023
518024
518029
518033
518037
518040
518041
518043
518045
518050
518051
518058
518064
518066
518077
518079
518093
518100
518102
518105
518106
518107
518112
518113
518114
518117
518123
518126
518128
518129
518130
518138
518142
518143
518149
518156
518170
518178
518181
518183
518185
518188
518195
518197
518198
518204
518206
518208
518211
518215
518217
518218
518219
518230
518232
518233
518240
518247
518250
518253
518255
518268
518272
518273
518278
518279
518281
518283
518286
518296
518310
518319
518321
518329
518331
518337
518344
518345
518348
518350
518352
518356
518367
518369
518374
518377
518378
518379
518380
518383
518385
518388
518394
518398
518402
518411
518413
518415
518419
518423
518430
518438
518442
518445
518447
518452
518455
518457
518466
518470
518471
518474
518476
518478
518481
518484
518487
518488
518492
518493
518494
518500
518504
518509
518510
518515
518516
518517
518521
518524
518527
518531
518533
518538
518542
518548
518560
518561
518571
518587
518591
518596
518598
518599
518603
518605
518614
518622
518633
518634
518644
518646
518647
518652
518654
518660
518661
518663
518669
518670
518671
518674
518675
518677
518680
518692
518702
518710
518715
518717
518719
518722
518725
518726
518727
518730
518731
518732
518735
518739
518742
518745
518752
518756
518760
518764
518768
518770
518776
518780
518781
518791
518794
518799
518805
518811
518814
518816
518822
518825
518826
518829
518831
518833
518845
518854
518864
518875
518877
518878
518881
518884
518885
518886
518890
518905
518909
518918
518924
518925
518927
518931
518938
518948
518952
518955
518983
518985
518990
519001
519005
519006
519008
519012
519013
519017
519022
519023
519028
519035
519039
519046
519053
519063
519064
519069
519074
519075
519076
519082
519085
519088
519095
519102
519105
519116
519117
519119
519122
519128
519131
519147
519149
519158
519165
519166
519175
519186
519192
519194
519197
519202
519213
519216
519219
519230
519232
519235
519237
519240
519245
519246
519255
519263
519270
519272
519274
519280
519282
519283
519297
519300
519305
519306
519308
519311
519318
519320
519327
519332
519333
519337
519342
519346
519351
519356
519360
519364
519370
519382
519384
519394
519395
519407
519408
519409
519410
519414
519418
519420
519423
519428
519429
519430
519433
519440
519441
519445
519452
519459
519462
519470
519472
519478
519479
519481
519483
519505
519519
519522
519523
519525
519527
519537
519546
519559
519567
519569
519570
519571
519575
519578
519582
519592
519596
519601
519604
519607
519612
519614
519623
519624
519625
519627
519628
519629
519632
519634
519638
519643
519651
519653
519665
519669
519673
519676
519678
519682
519706
519713
519718
519730
519731
519738
519739
519740
519746
519751
519752
519757
519759
519760
519765
519781
519796
519797
519805
519807
519808
519816
519820
519823
519830
519831
519845
519846
519848
519850
519853
519857
519858
519864
519867
519868
519870
519872
519881
519883
519886
519892
519894
519906
519907
519908
519913
519914
519919
519930
519931
519932
519936
519937
519939
519944
519957
519962
519972
519974
519975
519980
519988
519991
519994
519996
520003
520019
520020
520024
520036
520043
520044
520048
520055
520056
520060
520062
520075
520077
520098
520104
520110
520115
520116
520128
520129
520132
520133
520136
520140
520150
520157
520159
520167
520171
520197
520205
520214
520217
520221
520226
520228
520231
520235
520237
520244
520247
520253
520255
520265
520269
520276
520280
520285
520289
520290
520296
520299
520304
520311
520313
520315
520318
520319
520323
520326
520327
520330
520333
520344
520350
520352
520360
520362
520363
520370
520372
520374
520378
520379
520382
520385
520399
520403
520405
520407
520413
520414
520425
520426
520435
520438
520446
520449
520450
520460
520461
520462
520464
520471
520476
520478
520482
520494
520496
520497
520510
520513
520515
520516
520519
520520
520531
520535
520539
520542
520544
520550
520555
520557
520560
520567
520568
520569
520578
520582
520588
520590
520594
520598
520601
520602
520604
520609
520615
520618
520625
520627
520630
520637
520644
520650
520651
520657
520661
520668
520674
520680
520687
520689
520690
520691
520692
520702
520705
520711
520713
520716
520718
520722
520726
520737
520740
520743
520760
520765
520769
520779
520789
520796
520804
520807
520811
520817
520818
520819
520820
520823
520834
520835
520839
520841
520850
520856
520858
520863
520865
520870
520871
520875
520876
520878
520886
520890
520893
520896
520905
520907
520915
520917
520922
520923
520928
520929
520943
520947
520952
520955
520956
520959
520971
520980
520985
520988
520990
520991
520993
520995
521000
521003
521006
521013
521020
521022
521023
521027
521030
521040
521041
521045
521051
521052
521060
521061
521068
521071
521073
521074
521087
521093
521103
521104
521107
521113
521115
521116
521118
521123
521125
521129
521132
521141
521153
521154
521156
521167
521177
521182
521194
521196
521197
521203
521220
521224
521225
521228
521240
521242
521252
521253
521254
521260
521277
521282
521283
521285
521291
521294
521296
521297
521301
521303
521318
521322
521325
521327
521332
521334
521338
521341
521344
521345
521346
521353
521354
521358
521361
521362
521364
521366
521367
521380
521383
521384
521389
521422
521426
521429
521433
521435
521436
521437
521438
521440
521443
521445
521450
521453
521456
521464
521475
521481
521485
521488
521489
521492
521496
521507
521508
521509
521513
521515
521516
521520
521521
521523
521531
521532
521533
521535
521537
521541
521551
521555
521556
521558
521564
521568
521571
521573
521576
521577
521584
521586
521588
521592
521593
521595
521596
521599
521607
521608
521615
521621
521624
521630
521632
521633
521635
521637
521652
521655
521661
521665
521669
521670
521673
521675
521679
521680
521681
521690
521696
521709
521714
521721
521723
521734
521739
521745
521746
521747
521752
521753
521754
521762
521763
521765
521766
521767
521778
521779
521784
521790
521791
521792
521794
521796
521798
521804
521809
521819
521821
521824
521827
521828
521838
521839
521840
521844
521855
521866
521880
521882
521884
521885
521888
521896
521898
521901
521914
521916
521922
521923
521930
521931
521935
521938
521939
521954
521961
521966
521969
521973
521975
521989
521994
521997
521998
522001
522007
522012
522015
522018
522019
522024
522026
522032
522045
522048
522050
522051
522061
522064
522073
522080
522081
522087
522090
522093
522094
522101
522103
522107
522113
522119
522124
522133
522144
522152
522155
522160
522161
522163
522169
522170
522174
522178
522182
522189
522194
522196
522199
522201
522206
522208
522212
522213
522216
522219
522221
522224
522234
522235
522236
522240
522243
522249
522251
522256
522265
522271
522272
522277
522287
522291
522296
522298
522301
522307
522308
522310
522318
522319
522320
522341
522342
522347
522348
522351
522361
522362
522366
522367
522369
522381
522383
522387
522389
522402
522411
522414
522421
522431
522433
522441
522443
522444
522446
522449
522451
522456
522457
522461
522464
522470
522480
522491
522492
522494
522495
522504
522517
522523
522531
522532
522536
522539
522543
522544
522546
522548
522550
522562
522569
522572
522576
522581
522587
522589
522592
522593
522606
522631
522633
522634
522639
522646
522657
522658
522664
522673
522688
522692
522694
522695
522697
522698
522704
522708
522720
522722
522732
522743
522748
522752
522754
522756
522761
522772
522773
522774
522792
522795
522800
522809
522824
522829
522841
522843
522852
522853
522855
522857
522859
522865
522870
522872
522874
522876
522889
522890
522896
522904
522908
522909
522921
522922
522931
522933
522940
522945
522946
522948
522950
522954
522959
522962
522967
522973
522977
522978
522981
522986
522995
523001
523005
523010
523014
523016
523018
523019
523033
523036
523039
523043
523055
523056
523061
523063
523070
523082
523085
523086
523088
523090
523096
523099
523102
523115
523129
523143
523145
523148
523152
523160
523161
523170
523171
523178
523184
523186
523197
523205
523206
523209
523212
523230
523235
523238
523241
523243
523261
523280
523281
523293
523294
523295
523301
523302
523310
523313
523317
523318
523323
523326
523328
523343
523344
523346
523353
523358
523364
523372
523377
523379
523380
523381
523386
523387
523400
523405
523406
523409
523415
523419
523423
523426
523436
523438
523446
523451
523452
523456
523457
523461
523470
523478
523497
523498
523504
523507
523511
523512
523515
523518
523531
523542
523552
523554
523559
523560
523562
523563
523564
523565
523567
523572
523574
523575
523577
523580
523587
523597
523606
523610
523615
523627
523628
523648
523654
523657
523658
523661
523662
523675
523676
523677
523678
523684
523686
523691
523697
523698
523703
523704
523710
523713
523716
523719
523726
523729
523741
523748
523753
523757
523766
523767
523768
523777
523782
523789
523791
523795
523803
523804
523806
523811
523814
523816
523820
523823
523826
523827
523833
523840
523842
523847
523849
523855
523857
523863
523865
523868
523870
523872
523875
523877
523888
523894
523895
523896
523899
523902
523908
523910
523911
523912
523917
523921
523923
523925
523926
523928
523933
523935
523946
523958
523967
523969
523972
523973
523977
523980
523984
524002
524008
524009
524012
524018
524019
524021
524023
524024
524029
524034
524035
524037
524042
524048
524055
524058
524059
524060
524066
524068
524069
524079
524082
524085
524088
524091
524094
524098
524101
524108
524122
524123
524130
524132
524142
524144
524146
524156
524157
524160
524161
524167
524169
524170
524171
524184
524192
524194
524197
524201
524203
524208
524214
524220
524223
524225
524228
524233
524236
524241
524249
524250
524253
524255
524256
524264
524266
524267
524269
524274
524275
524277
524285
524287
524290
524293
524295
524304
524305
524311
524315
524316
524317
524326
524330
524332
524346
524361
524366
524367
524371
524372
524375
524379
524383
524386
524393
524396
524397
524403
524420
524428
524432
524434
524435
524440
524442
524460
524465
524478
524480
524482
524495
524496
524504
524506
524515
524520
524526
524529
524530
524547
524550
524553
524561
524564
524572
524574
524576
524580
524590
524594
524596
524598
524601
524608
524613
524617
524618
524622
524624
524625
524626
524629
524636
524653
524656
524663
524673
524689
524691
524693
524699
524702
524703
524709
524710
524721
524735
524751
524756
524764
524766
524768
524771
524772
524780
524791
524793
524798
524801
524803
524813
524823
524834
524838
524844
524850
524852
524864
524868
524872
524875
524881
524883
524887
524891
524896
524897
524901
524908
524914
524919
524921
524922
524929
524939
524946
524950
524952
524957
524962
524969
524970
524978
524983
524987
524994
524995
525014
525017
525028
525030
525031
525032
525039
525041
525048
525049
525057
525075
525077
525078
525079
525082
525083
525088
525102
525104
525109
525114
525121
525122
525133
525140
525141
525150
525161
525167
525169
525171
525174
525186
525192
525193
525195
525202
525204
525213
525222
525224
525226
525227
525232
525236
525247
525252
525259
525263
525267
525268
525274
525277
525283
525289
525293
525296
525300
525304
525309
525321
525331
525336
525338
525341
525356
525361
525362
525364
525368
525369
525375
525376
525382
525384
525391
525395
525397
525416
525422
525427
525432
525437
525441
525445
525448
525450
525457
525461
525466
525477
525483
525486
525510
525513
525521
525525
525532
525555
525565
525577
525584
525587
525601
525605
525609
525611
525612
525614
525617
525620
525628
525632
525637
525641
525650
525652
525667
525670
525672
525676
525677
525678
525683
525685
525686
525688
525689
525695
525696
525703
525732
525734
525735
525745
525755
525757
525758
525765
525778
525789
525790
525794
525797
525799
525804
525810
525811
525817
525829
525830
525832
525834
525836
525839
525853
525855
525858
525860
525878
525880
525882
525884
525885
525897
525898
525902
525916
525926
525933
525936
525942
525943
525949
525954
525955
525957
525959
525964
525972
525987
526008
526011
526014
526015
526016
526022
526023
526025
526028
526034
526037
526045
526050
526054
526065
526066
526070
526071
526085
526086
526092
526095
526096
526100
526115
526119
526124
526126
526139
526144
526151
526161
526163
526167
526175
526179
526186
526192
526204
526209
526213
526214
526223
526241
526247
526248
526249
526256
526259
526260
526268
526269
526280
526282
526285
526291
526302
526308
526310
526314
526315
526321
526322
526323
526324
526332
526338
526354
526363
526366
526372
526379
526383
526385
526387
526391
526395
526400
526406
526408
526409
526419
526420
526421
526424
526429
526430
526436
526441
526444
526450
526451
526459
526460
526464
526465
526473
526475
526476
526478
526480
526482
526502
526503
526504
526508
526513
526517
526520
526521
526522
526524
526527
526534
526539
526541
526546
526554
526560
526566
526581
526582
526584
526590
526596
526598
526599
526601
526607
526612
526615
526618
526622
526624
526627
526630
526632
526637
526641
526642
526646
526655
526667
526668
526670
526671
526681
526683
526685
526686
526693
526698
526703
526706
526708
526709
526718
526720
526731
526733
526735
526740
526743
526744
526748
526751
526761
526765
526771
526776
526783
526788
526789
526797
526798
526803
526805
526808
526813
526820
526825
526828
526830
526835
526838
526852
526855
526857
526867
526872
526874
526875
526878
526882
526887
526890
526895
526903
526905
526907
526911
526915
526918
526926
526934
526966
526967
526979
526985
526992
526999
527008
527009
527017
527020
527023
527028
527032
527041
527042
527048
527050
527052
527063
527065
527070
527073
527074
527083
527085
527088
527094
527099
527102
527113
527119
527135
527139
527141
527142
527148
527149
527157
527167
527170
527184
527190
527197
527201
527205
527208
527211
527212
527214
527228
527233
527234
527238
527239
527240
527243
527246
527247
527250
527257
527261
527263
527264
527273
527274
527278
527279
527281
527283
527286
527299
527309
527317
527323
527328
527331
527334
527337
527343
527354
527355
527364
527371
527376
527386
527389
527391
527395
527396
527399
527400
527403
527404
527427
527430
527432
527434
527435
527441
527448
527452
527469
527472
527476
527479
527481
527484
527485
527494
527495
527507
527511
527519
527522
527524
527526
527533
527538
527542
527547
527553
527557
527560
527564
527576
527583
527585
527591
527594
527599
527602
527607
527608
527610
527612
527617
527623
527644
527646
527647
527648
527651
527672
527678
527679
527682
527684
527685
527687
527688
527692
527694
527696
527700
527718
527726
527729
527731
527736
527752
527754
527757
527760
527762
527763
527767
527770
527775
527784
527791
527808
527816
527817
527833
527835
527838
527839
527840
527842
527847
527852
527854
527863
527865
527868
527877
527878
527883
527897
527901
527904
527920
527928
527929
527937
527941
527951
527952
527955
527958
527960
527962
527969
527973
527978
527997
528004
528005
528011
528013
528018
528022
528024
528027
528029
528045
528054
528067
528068
528088
528092
528096
528100
528101
528102
528105
528114
528117
528118
528119
528121
528124
528128
528129
528140
528154
528155
528160
528162
528164
528174
528182
528184
528187
528189
528193
528198
528202
528204
528209
528210
528218
528222
528223
528225
528230
528231
528236
528238
528245
528249
528258
528263
528264
528266
528267
528269
528272
528278
528283
528289
528291
528302
528303
528306
528310
528312
528313
528314
528324
528330
528339
528342
528350
528358
528367
528373
528376
528377
528380
528385
528399
528401
528402
528409
528411
528416
528422
528431
528433
528455
528459
528465
528470
528473
528478
528487
528496
528514
528521
528525
528528
528533
528542
528544
528545
528548
528549
528556
528560
528562
528563
528565
528576
528580
528590
528591
528605
528618
528619
528621
528624
528633
528639
528644
528651
528655
528667
528669
528673
528678
528690
528691
528693
528697
528700
528708
528716
528717
528722
528727
528732
528739
528740
528743
528747
528750
528755
528760
528763
528765
528773
528774
528776
528780
528792
528795
528796
528812
528814
528823
528828
528835
528841
528845
528846
528847
528848
528854
528856
528866
528871
528883
528886
528887
528891
528894
528902
528904
528907
528909
528911
528915
528917
528922
528928
528930
528936
528937
528939
528940
528950
528952
528955
528961
528964
528974
528981
528984
528990
528995
528996
528997
529010
529017
529018
529024
529034
529039
529040
529047
529052
529057
529060
529065
529068
529069
529076
529086
529091
529098
529106
529112
529116
529125
529130
529133
529137
529139
529145
529167
529168
529176
529177
529179
529190
529194
529198
529199
529202
529223
529224
529229
529237
529240
529243
529248
529250
529251
529252
529253
529262
529276
529284
529285
529288
529292
529297
529302
529316
529317
529330
529335
529356
529366
529367
529374
529377
529378
529388
529390
529392
529394
529404
529405
529408
529411
529412
529413
529427
529428
529430
529435
529436
529439
529440
529449
529455
529457
529459
529462
529463
529468
529471
529482
529483
529484
529485
529487
529488
529491
529494
529498
529508
529510
529512
529519
529537
529538
529547
529548
529549
529564
529567
529569
529571
529574
529577
529583
529600
529620
529622
529623
529624
529626
529627
529628
529629
529630
529632
529636
529640
529652
529654
529658
529661
529662
529664
529667
529671
529673
529680
529694
529702
529709
529712
529724
529725
529731
529738
529748
529754
529755
529757
529772
529780
529788
529789
529792
529793
529799
529820
529823
529828
529829
529836
529854
529867
529874
529879
529880
529886
529889
529890
529894
529897
529901
529906
529912
529914
529916
529922
529926
529929
529934
529938
529952
529954
529956
529962
529968
529972
529974
529976
529983
529984
529986
529993
529994
529995
529998
530014
530016
530019
530020
530022
530023
530025
530028
530034
530041
530047
530048
530049
530052
530057
530059
530061
530062
530066
530068
530069
530071
530082
530084
530086
530091
530092
530106
530109
530121
530134
530136
530139
530144
530145
530148
530158
530165
530170
530181
530182
530194
530196
530199
530200
530205
530212
530219
530227
530231
530232
530236
530241
530246
530249
530258
530264
530266
530275
530277
530280
530283
530287
530288
530289
530299
530302
530312
530315
530319
530321
530324
530332
530341
530347
530351
530353
530356
530360
530362
530365
530367
530371
530374
530377
530384
530391
530392
530399
530404
530406
530419
530420
530433
530434
530435
530448
530449
530451
530458
530466
530468
530470
530472
530474
530480
530482
530495
530496
530515
530524
530526
530527
530532
530536
530547
530549
530560
530561
530562
530571
530572
530574
530575
530576
530586
530587
530591
530592
530595
530602
530604
530608
530609
530615
530617
530620
530625
530630
530640
530646
530648
530650
530653
530659
530660
530674
530675
530678
530681
530684
530691
530694
530695
530700
530706
530708
530717
530721
530723
530724
530730
530740
530745
530746
530748
530754
530758
530762
530766
530768
530769
530770
530771
530772
530775
530776
530778
530786
530806
530808
530819
530824
530825
530832
530833
530846
530847
530848
530851
530854
530862
530868
530871
530872
530875
530883
530885
530887
530888
530889
530890
530891
530899
530900
530904
530910
530921
530928
530929
530932
530937
530938
530939
530940
530944
530948
530965
530966
530972
530976
530982
530985
530986
530990
530999
531003
531018
531019
531021
531027
531033
531035
531041
531048
531049
531052
531067
531076
531077
531088
531089
531090
531099
531102
531109
531115
531128
531137
531150
531154
531155
531156
531157
531163
531169
531170
531179
531199
531206
531208
531209
531216
531218
531230
531234
531238
531248
531254
531255
531260
531262
531272
531274
531275
531279
531281
531283
531284
531285
531287
531289
531299
531305
531320
531324
531326
531327
531330
531340
531342
531346
531348
531364
531365
531373
531374
531376
531378
531384
531394
531398
531399
531402
531403
531406
531410
531412
531419
531422
531424
531439
531450
531452
531464
531471
531474
531476
531477
531488
531492
531495
531496
531500
531503
531508
531511
531513
531520
531536
531541
531544
531547
531549
531561
531563
531573
531580
531584
531586
531603
531608
531613
531624
531625
531631
531644
531649
531651
531653
531661
531665
531670
531671
531688
531691
531692
531693
531695
531696
531701
531704
531708
531711
531715
531717
531720
531724
531725
531729
531730
531736
531743
531744
531749
531752
531753
531761
531770
531777
531785
531793
531795
531798
531802
531811
531814
531823
531824
531829
531831
531835
531846
531849
531851
531853
531854
531858
531863
531869
531874
531875
531876
531878
531888
531891
531893
531898
531899
531901
531903
531904
531905
531908
531913
531915
531918
531925
531930
531932
531933
531934
531944
531958
531964
531967
531969
531974
531975
531976
531982
531983
531987
531989
531990
531992
531994
531998
532000
532003
532004
532015
532017
532018
532023
532024
532027
532030
532034
532039
532052
532056
532059
532088
532100
532103
532104
532108
532115
532116
532132
532135
532136
532140
532144
532146
532152
532153
532157
532161
532182
532185
532190
532192
532196
532197
532199
532206
532210
532223
532226
532233
532237
532242
532250
532251
532255
532263
532266
532270
532278
532284
532291
532292
532294
532300
532309
532311
532322
532329
532330
532332
532337
532338
532346
532350
532351
532353
532366
532368
532369
532381
532383
532387
532391
532403
532404
532408
532414
532417
532424
532426
532433
532434
532436
532443
532445
532446
532448
532452
532456
532459
532475
532479
532488
532493
532495
532499
532505
532506
532508
532511
532513
532515
532516
532517
532520
532521
532526
532532
532537
532545
532547
532548
532549
532550
532551
532555
532560
532563
532566
532568
532593
532596
532598
532627
532628
532632
532635
532639
532640
532641
532651
532670
532682
532686
532695
532698
532711
532712
532719
532721
532731
532738
532741
532752
532757
532758
532764
532765
532766
532768
532771
532774
532776
532777
532778
532782
532783
532787
532795
532796
532804
532806
532809
532810
532811
532820
532824
532829
532835
532836
532839
532848
532850
532852
532854
532856
532857
532862
532864
532871
532875
532877
532887
532890
532895
532900
532901
532902
532903
532909
532913
532914
532921
532925
532934
532935
532938
532939
532940
532955
532959
532969
532972
532979
532981
532988
532989
532995
533003
533004
533007
533016
533021
533032
533034
533042
533045
533049
533052
533057
533067
533073
533075
533078
533080
533092
533096
533100
533103
533111
533113
533115
533117
533118
533120
533121
533127
533129
533131
533134
533140
533145
533147
533159
533163
533190
533191
533195
533199
533201
533204
533218
533219
533227
533242
533251
533257
533264
533265
533266
533269
533272
533275
533276
533277
533283
533290
533293
533294
533298
533307
533310
533320
533326
533327
533328
533329
533331
533333
533347
533349
533357
533360
533369
533372
533374
533376
533382
533383
533387
533390
533399
533406
533410
533416
533422
533436
533440
533448
533459
533464
533472
533479
533480
533481
533487
533491
533494
533496
533499
533504
533514
533516
533520
533531
533535
533543
533545
533548
533549
533553
533554
533557
533561
533565
533570
533577
533581
533590
533593
533595
533597
533601
533603
533612
533613
533633
533639
533647
533655
533662
533666
533667
533673
533687
533690
533691
533692
533697
533700
533702
533705
533708
533710
533718
533723
533725
533731
533747
533750
533752
533757
533763
533766
533767
533779
533781
533783
533788
533796
533797
533798
533804
533807
533808
533815
533820
533826
533827
533834
533844
533849
533853
533854
533862
533864
533870
533893
533905
533913
533915
533921
533922
533926
533934
533943
533949
533950
533954
533956
533959
533963
533966
533975
533978
533989
533995
533997
533998
533999
534000
534012
534017
534019
534023
534025
534028
534031
534032
534034
534035
534036
534043
534049
534058
534064
534067
534068
534069
534076
534089
534091
534094
534100
534103
534106
534111
534120
534128
534129
534134
534137
534139
534143
534151
534154
534163
534166
534171
534175
534182
534184
534201
534205
534210
534212
534218
534219
534220
534223
534226
534231
534242
534244
534249
534266
534268
534270
534274
534282
534289
534297
534301
534302
534303
534307
534309
534314
534316
534321
534324
534338
534341
534353
534365
534378
534381
534384
534388
534395
534397
534408
534414
534415
534420
534421
534422
534430
534431
534432
534438
534449
534451
534452
534453
534459
534465
534468
534469
534470
534471
534472
534473
534477
534478
534480
534481
534483
534484
534485
534487
534488
534499
534507
534518
534519
534521
534523
534536
534543
534548
534550
534551
534554
534561
534567
534575
534576
534578
534592
534595
534596
534602
534605
534607
534613
534621
534630
534640
534644
534646
534651
534654
534656
534658
534667
534669
534670
534673
534674
534680
534689
534691
534695
534697
534698
534704
534710
534714
534716
534726
534734
534743
534746
534754
534755
534765
534767
534769
534774
534776
534777
534778
534779
534783
534801
534803
534811
534814
534817
534819
534827
534834
534836
534843
534850
534851
534857
534859
534861
534863
534865
534870
534872
534881
534890
534893
534899
534901
534902
534915
534926
534934
534935
534942
534950
534953
534957
534960
534962
534963
534973
534974
534977
534986
534987
534991
534992
535004
535019
535024
535025
535027
535033
535037
535039
535043
535044
535047
535051
535052
535059
535063
535064
535068
535069
535078
535079
535095
535097
535101
535103
535105
535108
535113
535115
535123
535127
535129
535133
535135
535137
535150
535154
535155
535162
535165
535166
535170
535174
535178
535180
535183
535191
535195
535211
535215
535217
535218
535224
535229
535235
535240
535241
535246
535250
535258
535261
535264
535265
535267
535272
535277
535278
535291
535293
535296
535298
535301
535303
535307
535308
535312
535324
535326
535338
535340
535347
535348
535359
535371
535373
535377
535379
535382
535385
535386
535394
535400
535401
535411
535412
535419
535420
535422
535423
535426
535432
535435
535436
535449
535452
535460
535462
535465
535467
535476
535477
535492
535493
535494
535499
535503
535508
535511
535512
535515
535524
535527
535529
535535
535537
535539
535542
535544
535554
535555
535556
535557
535565
535569
535573
535575
535580
535585
535591
535593
535603
535605
535613
535614
535617
535618
535622
535627
535629
535630
535631
535638
535640
535641
535645
535646
535649
535653
535654
535655
535658
535666
535667
535676
535687
535688
535694
535701
535703
535705
535706
535713
535714
535717
535724
535734
535741
535761
535762
535766
535769
535770
535771
535775
535777
535778
535781
535785
535799
535805
535811
535816
535822
535825
535826
535833
535834
535835
535837
535845
535851
535857
535861
535866
535871
535872
535877
535878
535881
535884
535889
535890
535904
535905
535906
535916
535921
535922
535925
535928
535933
535934
535938
535939
535940
535941
535956
535959
535963
535965
535973
535991
535995
536001
536002
536011
536013
536026
536029
536031
536032
536037
536043
536048
536054
536058
536059
536062
536065
536070
536078
536079
536084
536088
536092
536094
536096
536098
536102
536106
536108
536110
536111
536112
536119
536120
536139
536142
536143
536145
536149
536159
536161
536165
536169
536170
536174
536176
536178
536179
536181
536188
536191
536200
536205
536206
536208
536214
536215
536217
536219
536222
536223
536227
536233
536235
536252
536253
536256
536259
536273
536291
536293
536303
536307
536310
536322
536323
536331
536341
536350
536359
536362
536372
536380
536381
536386
536394
536398
536412
536415
536419
536424
536429
536438
536443
536444
536455
536457
536460
536461
536464
536465
536466
536478
536480
536482
536483
536485
536495
536497
536500
536507
536509
536515
536533
536540
536558
536563
536564
536566
536577
536580
536585
536587
536588
536589
536592
536594
536600
536603
536607
536608
536615
536617
536621
536649
536650
536655
536658
536664
536673
536677
536678
536679
536683
536691
536693
536699
536706
536709
536718
536725
536727
536735
536737
536738
536758
536761
536765
536770
536772
536773
536776
536778
536783
536796
536803
536808
536810
536811
536814
536816
536824
536831
536832
536846
536852
536854
536856
536857
536858
536871
536874
536876
536877
536879
536887
536889
536897
536900
536901
536903
536911
536915
536917
536918
536923
536926
536927
536928
536932
536935
536937
536938
536941
536942
536952
536957
536959
536961
536968
536971
536973
536974
536977
536983
536996
536998
537000
537003
537005
537010
537016
537018
537021
537026
537030
537035
537040
537041
537046
537047
537049
537050
537053
537057
537059
537064
537073
537082
537089
537102
537104
537111
537116
537118
537120
537121
537123
537125
537127
537128
537131
537139
537140
537145
537146
537151
537154
537155
537160
537161
537165
537171
537173
537177
537179
537180
537188
537190
537192
537199
537208
537212
537214
537220
537222
537223
537240
537242
537243
537244
537246
537247
537256
537266
537276
537284
537293
537294
537296
537297
537303
537307
537315
537316
537318
537319
537333
537335
537336
537339
537341
537346
537348
537352
537356
537357
537359
537360
537365
537366
537381
537383
537391
537392
537393
537399
537403
537404
537405
537410
537415
537425
537426
537429
537431
537433
537434
537435
537436
537442
537448
537449
537450
537453
537459
537460
537464
537468
537470
537473
537476
537478
537483
537486
537496
537498
537503
537511
537515
537517
537524
537526
537534
537537
537563
537567
537569
537571
537575
537576
537582
537588
537592
537597
537603
537608
537613
537615
537625
537628
537630
537636
537646
537651
537654
537662
537668
537680
537696
537700
537711
537716
537721
537723
537724
537726
537731
537733
537742
537747
537752
537760
537764
537766
537768
537778
537786
537792
537804
537806
537807
537812
537820
537825
537829
537831
537834
537835
537850
537851
537852
537853
537859
537862
537869
537876
537877
537879
537884
537893
537896
537900
537901
537903
537911
537916
537920
537928
537929
537930
537939
537942
537951
537952
537963
537964
537966
537968
537972
537979
537981
537982
537983
537988
537998
538001
538002
538004
538007
538012
538018
538023
538026
538028
538029
538030
538035
538049
538051
538063
538065
538069
538070
538074
538079
538082
538091
538095
538102
538107
538119
538120
538121
538123
538128
538137
538138
538143
538144
538147
538152
538169
538173
538174
538176
538177
538178
538183
538189
538191
538201
538205
538217
538223
538225
538227
538235
538243
538245
538251
538270
538271
538272
538275
538277
538281
538288
538293
538298
538311
538313
538315
538321
538325
538337
538339
538341
538347
538350
538352
538354
538355
538359
538364
538368
538377
538381
538382
538394
538397
538401
538405
538412
538413
538422
538429
538430
538437
538439
538441
538443
538446
538448
538452
538471
538474
538484
538488
538496
538507
538512
538519
538521
538526
538529
538546
538547
538552
538554
538556
538559
538562
538563
538567
538573
538577
538578
538580
538584
538585
538587
538592
538595
538612
538613
538621
538625
538631
538635
538636
538642
538649
538653
538656
538657
538679
538680
538681
538688
538690
538692
538700
538703
538704
538706
538708
538710
538712
538719
538723
538732
538748
538770
538771
538772
538775
538787
538789
538794
538795
538803
538807
538815
538816
538818
538819
538823
538828
538835
538839
538841
538845
538846
538851
538852
538862
538872
538874
538876
538877
538880
538885
538891
538892
538895
538900
538904
538905
538906
538909
538910
538913
538919
538927
538928
538931
538934
538935
538943
538948
538957
538959
538972
538975
538976
538980
538991
538998
538999
539001
539002
539005
539009
539010
539014
539025
539026
539029
539033
539041
539042
539051
539052
539059
539062
539069
539072
539075
539078
539100
539101
539105
539108
539109
539112
539117
539118
539120
539134
539139
539141
539143
539151
539163
539165
539167
539168
539186
539189
539203
539204
539206
539207
539208
539209
539213
539214
539218
539222
539238
539247
539259
539275
539288
539291
539292
539294
539303
539306
539309
539315
539326
539331
539332
539351
539352
539354
539356
539358
539360
539374
539383
539391
539392
539393
539402
539410
539411
539412
539419
539425
539431
539433
539435
539437
539438
539451
539455
539459
539462
539466
539467
539469
539476
539481
539484
539485
539486
539489
539494
539506
539508
539514
539517
539519
539532
539533
539545
539547
539559
539562
539565
539567
539568
539575
539581
539582
539594
539596
539597
539599
539602
539616
539617
539619
539623
539627
539631
539633
539634
539636
539643
539655
539657
539668
539676
539681
539682
539683
539688
539689
539690
539694
539697
539702
539707
539709
539720
539730
539733
539736
539750
539751
539755
539757
539764
539773
539774
539782
539789
539795
539799
539802
539803
539804
539811
539812
539821
539825
539830
539837
539838
539844
539845
539861
539868
539870
539874
539881
539888
539893
539894
539904
539918
539929
539944
539945
539950
539955
539956
539976
539980
539981
539990
539995
539997
540002
540017
540020
540022
540024
540026
540027
540032
540040
540051
540055
540057
540063
540065
540067
540069
540070
540071
540074
540075
540076
540079
540085
540087
540088
540091
540096
540097
540099
540103
540107
540119
540124
540137
540138
540139
540141
540144
540150
540154
540159
540160
540163
540168
540170
540173
540174
540176
540184
540186
540188
540195
540199
540200
540203
540205
540208
540210
540222
540223
540228
540232
540233
540236
540240
540246
540247
540248
540249
540250
540252
540262
540264
540269
540281
540283
540285
540287
540288
540289
540298
540302
540304
540305
540306
540312
540315
540320
540321
540322
540323
540329
540341
540344
540345
540347
540348
540352
540355
540356
540361
540364
540369
540370
540375
540380
540384
540385
540387
540389
540392
540393
540397
540401
540403
540404
540406
540407
540412
540414
540420
540421
540432
540433
540439
540445
540449
540457
540458
540460
540462
540463
540471
540473
540474
540477
540478
540483
540484
540487
540489
540492
540497
540498
540500
540504
540513
540518
540525
540532
540533
540542
540551
540558
540560
540561
540567
540570
540571
540577
540581
540582
540585
540587
540599
540600
540606
540610
540615
540617
540621
540628
540635
540640
540642
540643
540652
540656
540660
540663
540665
540667
540669
540671
540677
540678
540686
540693
540696
540697
540706
540710
540712
540724
540725
540734
540735
540736
540737
540742
540745
540755
540766
540767
540779
540782
540794
540802
540804
540806
540809
540812
540823
540828
540842
540844
540846
540847
540855
540856
540859
540864
540870
540872
540873
540882
540886
540890
540896
540907
540908
540909
540910
540917
540920
540924
540927
540930
540932
540933
540935
540943
540945
540949
540954
540955
540961
540966
540971
540974
540980
540981
540982
540985
540987
541013
541020
541022
541033
541045
541058
541060
541061
541065
541069
541074
541075
541077
541085
541091
541097
541099
541102
541104
541117
541127
541129
541136
541137
541138
541143
541151
541162
541168
541176
541177
541179
541181
541182
541187
541188
541198
541200
541206
541209
541213
541217
541224
541226
541228
541229
541232
541234
541237
541241
541245
541253
541254
541256
541261
541263
541266
541271
541273
541276
541277
541285
541294
541295
541299
541302
541308
541312
541321
541325
541330
541337
541339
541341
541357
541361
541372
541386
541388
541394
541396
541399
541408
541412
541417
541423
541434
541435
541437
541440
541446
541448
541449
541452
541458
541462
541464
541465
541468
541471
541473
541479
541488
541492
541493
541494
541500
541509
541514
541517
541518
541522
541533
541547
541548
541551
541554
541555
541561
541563
541567
541569
541579
541583
541584
541585
541588
541589
541592
541593
541594
541603
541609
541612
541614
541628
541633
541635
541637
541640
541642
541644
541645
541652
541654
541655
541659
541663
541670
541672
541675
541677
541678
541679
541683
541686
541691
541693
541712
541717
541718
541729
541736
541740
541744
541748
541749
541757
541760
541763
541766
541771
541775
541776
541786
541788
541792
541795
541796
541817
541822
541825
541830
541833
541834
541835
541839
541841
541847
541848
541851
541860
541866
541868
541870
541871
541878
541879
541886
541889
541892
541895
541897
541898
541910
541913
541915
541919
541920
541923
541927
541930
541931
541934
541936
541940
541947
541953
541954
541955
541957
541971
541972
541974
541976
541977
541979
541985
541987
541993
542000
542002
542006
542009
542010
542021
542022
542023
542027
542033
542042
542043
542045
542046
542049
542053
542056
542057
542060
542061
542069
542076
542077
542079
542082
542084
542090
542094
542104
542118
542119
542121
542123
542133
542137
542143
542145
542158
542162
542166
542174
542179
542184
542186
542188
542194
542195
542216
542223
542231
542232
542246
542252
542253
542255
542258
542263
542264
542265
542279
542283
542286
542287
542299
542306
542308
542325
542329
542331
542340
542342
542345
542346
542351
542356
542359
542360
542362
542368
542372
542376
542378
542387
542389
542392
542394
542397
542406
542415
542419
542425
542429
542433
542434
542435
542441
542455
542457
542461
542467
542468
542472
542475
542477
542481
542488
542490
542491
542498
542506
542512
542515
542516
542520
542525
542528
542531
542533
542539
542540
542543
542548
542552
542555
542561
542566
542573
542578
542579
542581
542583
542590
542594
542597
542616
542618
542619
542644
542653
542658
542659
542662
542668
542671
542672
542676
542690
542691
542692
542693
542699
542701
542702
542709
542722
542724
542725
542736
542737
542742
542751
542753
542754
542756
542761
542762
542767
542769
542770
542794
542795
542799
542807
542812
542814
542819
542834
542842
542850
542853
542858
542859
542865
542867
542873
542877
542880
542883
542885
542887
542889
542893
542901
542902
542905
542913
542915
542917
542925
542936
542940
542941
542948
542954
542956
542957
542962
542972
542976
542981
542983
542985
542992
542993
542998
543002
543005
543006
543013
543019
543021
543024
543027
543030
543038
543039
543040
543054
543055
543060
543063
543069
543070
543074
543077
543078
543079
543080
543083
543087
543096
543101
543114
543116
543122
543125
543126
543127
543137
543151
543152
543155
543157
543160
543162
543164
543166
543167
543170
543171
543182
543189
543193
543194
543195
543201
543205
543214
543215
543217
543220
543222
543226
543231
543233
543240
543243
543246
543250
543252
543257
543265
543267
543271
543277
543278
543281
543282
543285
543288
543290
543294
543295
543296
543299
543303
543305
543306
543311
543315
543325
543340
543343
543346
543347
543349
543361
543362
543364
543366
543374
543375
543377
543378
543383
543386
543397
543398
543403
543405
543406
543409
543410
543423
543428
543429
543431
543436
543438
543441
543443
543453
543463
543465
543469
543471
543472
543490
543492
543496
543501
543505
543509
543511
543517
543524
543537
543538
543540
543541
543543
543544
543549
543564
543566
543579
543584
543590
543591
543593
543598
543603
543610
543620
543625
543633
543643
543646
543652
543655
543658
543664
543665
543671
543674
543679
543685
543690
543693
543703
543707
543710
543721
543723
543724
543725
543726
543732
543735
543738
543739
543742
543745
543747
543748
543753
543755
543756
543757
543763
543765
543770
543771
543773
543776
543779
543787
543794
543797
543798
543807
543812
543818
543819
543821
543822
543825
543845
543847
543848
543850
543852
543857
543865
543875
543883
543885
543903
543906
543910
543913
543916
543925
543926
543927
543930
543932
543936
543941
543945
543958
543960
543969
543971
543975
543976
543987
543999
544012
544018
544022
544023
544030
544043
544047
544049
544053
544054
544055
544059
544060
544061
544063
544073
544077
544078
544080
544082
544084
544087
544088
544090
544097
544109
544112
544113
544114
544115
544130
544131
544136
544146
544159
544160
544179
544181
544191
544192
544195
544209
544212
544215
544236
544238
544240
544248
544251
544252
544257
544259
544265
544267
544268
544276
544277
544279
544290
544295
544300
544301
544310
544311
544314
544326
544328
544337
544350
544356
544358
544362
544368
544380
544381
544384
544388
544389
544391
544393
544405
544420
544424
544432
544434
544435
544438
544445
544449
544450
544451
544452
544456
544467
544482
544484
544488
544490
544493
544494
544511
544519
544522
544538
544540
544541
544548
544549
544552
544553
544556
544563
544573
544578
544591
544595
544596
544598
544601
544616
544619
544622
544625
544629
544633
544637
544642
544648
544650
544652
544661
544662
544670
544672
544674
544679
544683
544689
544726
544729
544732
544741
544746
544747
544751
544754
544760
544776
544782
544785
544786
544788
544794
544808
544811
544814
544820
544824
544829
544838
544842
544844
544845
544858
544860
544864
544867
544870
544874
544882
544884
544888
544890
544891
544892
544900
544926
544928
544933
544935
544938
544939
544942
544946
544949
544951
544953
544954
544956
544958
544960
544965
544966
544967
544970
544973
544976
544980
544988
544994
544998
545002
545010
545011
545012
545014
545021
545024
545026
545030
545036
545046
545049
545054
545056
545057
545060
545066
545077
545081
545082
545083
545093
545094
545095
545100
545103
545106
545116
545117
545119
545123
545125
545126
545130
545134
545137
545141
545142
545152
545154
545157
545159
545161
545163
545169
545170
545172
545174
545177
545182
545189
545191
545200
545202
545206
545212
545235
545237
545238
545241
545247
545248
545255
545262
545265
545268
545270
545273
545274
545281
545282
545289
545291
545317
545319
545320
545323
545325
545328
545331
545332
545334
545338
545347
545350
545363
545372
545374
545382
545385
545390
545394
545401
545410
545411
545412
545415
545417
545422
545428
545429
545431
545433
545438
545443
545444
545460
545466
545467
545482
545489
545498
545499
545500
545517
545521
545526
545541
545547
545555
545561
545563
545570
545577
545578
545579
545580
545584
545591
545593
545596
545599
545602
545603
545609
545616
545625
545631
545638
545641
545642
545652
545656
545658
545659
545661
545670
545678
545680
545682
545687
545692
545695
545696
545702
545703
545713
545723
545728
545736
545737
545742
545745
545763
545765
545767
545771
545772
545774
545776
545781
545783
545784
545785
545786
545788
545794
545803
545811
545812
545820
545823
545824
545825
545826
545827
545831
545833
545835
545839
545841
545846
545862
545867
545885
545886
545887
545888
545893
545894
545899
545906
545908
545909
545918
545920
545922
545923
545928
545930
545932
545938
545950
545953
545954
545977
545990
545991
545995
546000
546001
546004
546005
546013
546014
546015
546017
546019
546024
546026
546029
546030
546031
546033
546034
546040
546044
546056
546059
546062
546068
546070
546075
546077
546078
546090
546091
546097
546102
546103
546107
546111
546113
546118
546119
546125
546131
546133
546156
546157
546159
546163
546173
546175
546179
546180
546181
546184
546195
546202
546207
546212
546214
546215
546219
546224
546225
546226
546230
546231
546233
546235
546240
546245
546248
546250
546260
546269
546273
546284
546287
546297
546301
546303
546316
546322
546324
546325
546328
546330
546347
546365
546366
546368
546370
546372
546374
546375
546376
546380
546381
546382
546384
546387
546388
546389
546392
546395
546400
546401
546404
546409
546417
546421
546423
546429
546444
546451
546452
546454
546458
546466
546469
546470
546475
546491
546496
546499
546500
546511
546515
546520
546521
546524
546529
546530
546531
546533
546534
546539
546548
546551
546552
546555
546559
546563
546564
546567
546571
546575
546579
546584
546589
546592
546595
546613
546614
546615
546618
546621
546622
546628
546633
546636
546643
546648
546650
546663
546666
546671
546672
546674
546676
546682
546683
546686
546688
546690
546691
546704
546708
546713
546716
546723
546731
546738
546749
546758
546765
546776
546794
546802
546806
546807
546809
546817
546818
546823
546825
546830
546837
546839
546841
546843
546849
546851
546853
546861
546864
546874
546876
546880
546882
546895
546897
546900
546901
546903
546905
546909
546911
546912
546913
546917
546918
546919
546923
546930
546932
546935
546940
546944
546946
546959
546969
546971
546979
546992
546995
546996
547004
547013
547017
547020
547040
547042
547048
547050
547051
547054
547055
547060
547062
547064
547067
547071
547079
547082
547084
547087
547089
547096
547100
547113
547115
547118
547126
547128
547135
547138
547141
547145
547151
547160
547162
547163
547178
547183
547187
547194
547209
547210
547214
547221
547223
547228
547229
547236
547239
547240
547243
547245
547249
547250
547255
547258
547265
547268
547269
547276
547277
547280
547281
547282
547284
547294
547301
547309
547315
547318
547320
547338
547348
547350
547353
547357
547364
547365
547372
547382
547386
547388
547391
547396
547407
547410
547412
547414
547417
547423
547425
547426
547430
547442
547443
547446
547448
547456
547457
547460
547463
547469
547475
547478
547484
547487
547489
547494
547499
547500
547502
547505
547507
547514
547516
547518
547521
547526
547528
547533
547535
547537
547546
547549
547559
547561
547564
547565
547570
547577
547592
547595
547608
547618
547630
547634
547641
547643
547644
547648
547665
547672
547677
547681
547687
547692
547695
547699
547705
547707
547711
547716
547718
547720
547730
547733
547745
547747
547755
547756
547762
547763
547777
547780
547783
547785
547786
547787
547791
547794
547796
547809
547810
547811
547822
547825
547841
547843
547860
547863
547866
547867
547879
547883
547888
547890
547892
547893
547894
547915
547916
547923
547924
547929
547934
547936
547937
547939
547941
547942
547943
547950
547960
547972
547975
547976
547979
547982
547984
547991
547994
548008
548014
548015
548024
548029
548033
548036
548038
548054
548056
548057
548061
548064
548067
548078
548087
548089
548093
548104
548110
548111
548114
548123
548128
548129
548132
548137
548143
548147
548155
548157
548158
548159
548168
548169
548171
548173
548175
548177
548180
548198
548199
548205
548207
548209
548211
548223
548227
548235
548238
548244
548245
548264
548270
548271
548276
548277
548279
548282
548283
548285
548286
548288
548290
548291
548296
548298
548301
548313
548326
548328
548329
548330
548331
548344
548346
548349
548353
548358
548362
548363
548364
548369
548373
548376
548380
548382
548391
548394
548397
548400
548402
548410
548412
548414
548415
548422
548431
548442
548458
548459
548461
548468
548475
548483
548490
548492
548493
548494
548507
548514
548528
548546
548550
548553
548557
548563
548569
548571
548572
548578
548582
548583
548584
548586
548588
548589
548590
548597
548599
548603
548616
548618
548619
548621
548624
548627
548637
548641
548648
548653
548665
548669
548675
548676
548677
548682
548691
548696
548699
548702
548704
548707
548719
548723
548724
548743
548748
548754
548755
548760
548762
548767
548771
548776
548783
548784
548787
548791
548795
548801
548803
548805
548810
548822
548826
548827
548830
548833
548834
548845
548847
548855
548860
548862
548872
548874
548882
548892
548896
548897
548899
548908
548910
548916
548917
548920
548921
548935
548937
548939
548945
548946
548960
548967
548983
548988
548989
548997
548999
549002
549007
549010
549012
549013
549015
549022
549030
549036
549041
549043
549045
549049
549051
549058
549060
549064
549071
549078
549089
549093
549097
549118
549120
549121
549128
549133
549134
549138
549142
549144
549154
549158
549169
549173
549175
549176
549180
549181
549187
549188
549191
549197
549215
549217
549218
549219
549223
549234
549240
549241
549252
549260
549263
549267
549271
549275
549276
549278
549279
549284
549293
549294
549305
549310
549314
549321
549323
549327
549333
549347
549360
549368
549377
549378
549380
549393
549395
549396
549399
549409
549413
549414
549422
549430
549433
549438
549439
549452
549454
549456
549458
549460
549461
549465
549473
549476
549478
549480
549487
549488
549490
549497
549503
549506
549513
549516
549519
549525
549528
549540
549541
549542
549550
549552
549556
549559
549563
549571
549572
549582
549584
549586
549587
549599
549607
549608
549613
549616
549621
549623
549629
549635
549639
549642
549653
549660
549666
549676
549679
549680
549681
549683
549690
549693
549695
549698
549701
549707
549711
549713
549728
549731
549733
549742
549745
549749
549750
549751
549752
549761
549765
549767
549773
549774
549778
549779
549783
549784
549787
549790
549793
549799
549802
549806
549810
549816
549819
549822
549827
549829
549836
549838
549840
549842
549849
549852
549858
549861
549881
549885
549886
549887
549891
549892
549896
549898
549899
549900
549902
549906
549909
549911
549916
549920
549923
549930
549931
549933
549938
549942
549957
549959
549965
549967
549968
549970
549971
549974
549979
549985
549994
550000
550002
550005
550007
550011
550013
550018
550024
550025
550030
550056
550057
550066
550069
550075
550077
550079
550083
550088
550089
550091
550101
550102
550107
550113
550115
550117
550118
550121
550133
550145
550147
550155
550160
550164
550167
550171
550174
550175
550180
550188
550192
550194
550214
550215
550216
550217
550222
550246
550247
550249
550254
550255
550262
550268
550273
550277
550278
550279
550284
550290
550293
550297
550303
550304
550317
550323
550324
550326
550327
550328
550331
550345
550350
550363
550364
550367
550369
550377
550379
550382
550388
550391
550392
550393
550400
550408
550415
550417
550422
550427
550428
550433
550436
550440
550442
550446
550453
550454
550457
550461
550462
550464
550469
550477
550478
550479
550482
550483
550485
550487
550488
550489
550492
550498
550505
550506
550509
550510
550532
550533
550537
550549
550550
550552
550554
550555
550556
550557
550561
550564
550575
550582
550584
550592
550601
550612
550614
550616
550627
550633
550638
550649
550652
550656
550659
550662
550669
550670
550677
550682
550684
550685
550686
550692
550705
550707
550711
550716
550719
550722
550723
550731
550736
550737
550739
550743
550745
550746
550749
550750
550751
550761
550764
550769
550782
550784
550785
550787
550789
550790
550794
550795
550799
550801
550802
550803
550806
550807
550813
550817
550828
550832
550836
550837
550840
550845
550848
550850
550856
550858
550859
550861
550862
550866
550868
550875
550877
550884
550894
550895
550897
550901
550903
550909
550910
550912
550917
550919
550922
550924
550925
550926
550932
550945
550950
550953
550956
550958
550962
550966
550976
550978
550979
551000
551008
551009
551010
551011
551020
551024
551026
551033
551036
551038
551045
551049
551052
551055
551056
551057
551060
551071
551079
551080
551082
551083
551084
551099
551109
551111
551115
551121
551122
551125
551129
551133
551139
551140
551142
551143
551144
551147
551149
551153
551157
551178
551180
551181
551189
551199
551201
551203
551224
551232
551236
551243
551248
551258
551259
551261
551265
551271
551272
551275
551276
551279
551280
551281
551282
551300
551301
551314
551316
551320
551322
551332
551333
551335
551349
551350
551361
551362
551368
551369
551377
551378
551384
551387
551391
551398
551400
551402
551404
551406
551415
551416
551445
551452
551453
551459
551460
551467
551484
551487
551494
551498
551499
551500
551513
551515
551516
551520
551529
551536
551537
551541
551544
551546
551551
551552
551556
551567
551576
551579
551583
551588
551594
551599
551609
551617
551620
551623
551627
551628
551633
551634
551637
551642
551643
551646
551653
551660
551662
551663
551681
551682
551685
551686
551692
551696
551702
551704
551714
551715
551718
551725
551733
551735
551738
551742
551746
551752
551757
551760
551768
551770
551779
551780
551782
551785
551786
551790
551792
551799
551800
551806
551810
551819
551826
551830
551832
551833
551835
551837
551844
551849
551851
551855
551861
551875
551882
551886
551891
551901
551904
551907
551908
551920
551924
551927
551929
551932
551942
551943
551948
551951
551960
551970
551974
551976
551979
551983
551989
551990
551992
552009
552011
552016
552021
552028
552037
552042
552043
552060
552064
552065
552066
552068
552075
552078
552080
552081
552085
552092
552099
552109
552112
552114
552120
552129
552134
552137
552138
552139
552142
552146
552148
552156
552158
552163
552169
552170
552174
552190
552192
552197
552199
552205
552208
552214
552218
552219
552229
552230
552237
552240
552244
552258
552263
552271
552280
552281
552282
552285
552294
552295
552302
552309
552315
552316
552322
552325
552329
552342
552346
552348
552349
552353
552356
552360
552362
552363
552373
552374
552376
552379
552392
552395
552397
552402
552403
552404
552407
552415
552423
552424
552425
552432
552440
552441
552463
552468
552469
552474
552478
552479
552485
552489
552494
552499
552502
552505
552507
552513
552519
552520
552522
552524
552536
552542
552544
552549
552553
552558
552561
552564
552566
552579
552595
552597
552601
552604
552606
552608
552611
552612
552629
552630
552631
552635
552647
552650
552656
552658
552662
552665
552674
552677
552679
552681
552683
552688
552693
552697
552698
552703
552707
552708
552711
552715
552751
552761
552762
552775
552781
552783
552784
552785
552786
552807
552811
552813
552818
552824
552830
552834
552837
552838
552839
552845
552848
552852
552859
552863
552864
552866
552871
552876
552881
552883
552887
552889
552890
552899
552905
552915
552925
552930
552932
552937
552939
552940
552947
552952
552955
552965
552966
552970
552977
552982
552988
552993
552994
552995
552997
553007
553013
553014
553016
553017
553028
553029
553030
553031
553036
553038
553041
553042
553043
553044
553060
553066
553073
553081
553083
553086
553087
553089
553098
553104
553107
553116
553128
553136
553137
553139
553141
553144
553150
553157
553159
553160
553172
553173
553174
553176
553177
553181
553183
553189
553196
553197
553206
553207
553216
553219
553225
553229
553235
553238
553239
553241
553249
553250
553251
553254
553263
553267
553269
553270
553271
553275
553276
553277
553278
553279
553289
553291
553299
553305
553306
553309
553312
553315
553317
553319
553323
553326
553327
553329
553331
553335
553340
553343
553354
553355
553359
553369
553370
553371
553374
553375
553377
553383
553385
553394
553402
553404
553411
553414
553421
553429
553433
553446
553459
553460
553463
553468
553483
553484
553487
553494
553498
553508
553509
553520
553529
553537
553543
553545
553552
553557
553563
553565
553568
553576
553584
553587
553588
553592
553594
553595
553600
553604
553605
553610
553616
553617
553626
553631
553633
553642
553647
553648
553652
553653
553662
553666
553669
553676
553680
553684
553688
553694
553696
553697
553708
553713
553717
553718
553720
553727
553740
553742
553747
553749
553754
553759
553764
553766
553798
553802
553804
553805
553806
553815
553823
553829
553831
553832
553837
553842
553849
553858
553860
553866
553871
553872
553873
553874
553877
553878
553882
553887
553890
553891
553893
553899
553902
553906
553909
553910
553921
553928
553931
553935
553941
553942
553946
553948
553951
553957
553969
553970
553971
553978
553984
553991
553994
554002
554003
554004
554009
554014
554018
554019
554028
554029
554031
554032
554034
554045
554048
554055
554061
554067
554068
554086
554092
554093
554094
554102
554103
554107
554108
554114
554115
554119
554124
554126
554129
554133
554142
554146
554162
554163
554167
554173
554174
554183
554184
554186
554188
554198
554200
554203
554205
554214
554216
554223
554225
554227
554234
554240
554242
554248
554254
554257
554260
554265
554273
554291
554292
554293
554294
554296
554303
554306
554311
554317
554320
554322
554327
554329
554335
554337
554338
554341
554352
554354
554357
554358
554359
554362
554367
554369
554374
554385
554387
554389
554394
554396
554397
554403
554419
554424
554429
554432
554440
554444
554445
554451
554454
554480
554484
554485
554486
554491
554493
554497
554502
554510
554514
554518
554519
554521
554528
554531
554533
554537
554539
554541
554547
554555
554565
554566
554567
554569
554576
554580
554582
554587
554591
554593
554596
554597
554600
554612
554618
554619
554621
554623
554625
554628
554632
554636
554637
554643
554651
554654
554656
554660
554663
554664
554670
554683
554705
554706
554707
554710
554715
554717
554728
554732
554742
554748
554750
554752
554755
554765
554767
554771
554777
554785
554786
554791
554794
554799
554800
554813
554817
554818
554821
554826
554835
554846
554852
554857
554860
554866
554884
554893
554897
554903
554904
554908
554912
554921
554926
554928
554936
554937
554940
554945
554946
554948
554952
554953
554956
554962
554965
554970
554973
554975
554981
554983
554989
554990
554991
554999
555000
555005
555008
555015
555027
555033
555036
555038
555039
555040
555044
555046
555049
555055
555056
555067
555070
555071
555073
555077
555086
555087
555093
555101
555104
555106
555107
555109
555111
555115
555122
555126
555142
555143
555150
555153
555157
555169
555174
555185
555189
555192
555193
555198
555200
555201
555211
555216
555218
555221
555224
555226
555232
555233
555241
555246
555247
555248
555255
555256
555259
555269
555271
555276
555285
555291
555294
555302
555313
555314
555318
555327
555332
555344
555349
555356
555371
555372
555377
555379
555380
555382
555383
555385
555391
555392
555398
555402
555406
555408
555417
555418
555423
555428
555443
555444
555449
555452
555463
555464
555467
555469
555477
555480
555485
555490
555497
555500
555503
555512
555515
555516
555518
555521
555524
555532
555533
555565
555568
555571
555572
555584
555592
555593
555595
555598
555617
555623
555629
555636
555646
555648
555655
555675
555682
555683
555687
555694
555697
555701
555708
555713
555715
555716
555717
555726
555729
555731
555733
555741
555744
555749
555754
555757
555772
555777
555778
555782
555788
555789
555792
555793
555795
555800
555809
555811
555817
555819
555822
555830
555833
555841
555847
555851
555852
555858
555864
555867
555871
555873
555876
555877
555884
555885
555890
555891
555903
555913
555916
555917
555924
555939
555949
555955
555963
555964
555970
555973
555985
555988
555990
555996
555998
555999
556003
556004
556009
556010
556015
556021
556027
556036
556050
556053
556057
556060
556064
556067
556071
556080
556084
556089
556092
556093
556099
556102
556104
556110
556124
556126
556128
556130
556134
556137
556139
556140
556145
556146
556150
556160
556165
556169
556174
556178
556191
556193
556196
556201
556202
556209
556212
556216
556217
556222
556225
556226
556232
556235
556236
556239
556250
556251
556254
556259
556260
556261
556263
556267
556270
556273
556275
556277
556280
556281
556289
556290
556292
556295
556300
556311
556315
556317
556318
556321
556326
556331
556336
556341
556345
556349
556359
556361
556362
556365
556366
556367
556384
556386
556387
556392
556397
556399
556407
556410
556419
556420
556421
556422
556426
556429
556430
556431
556433
556439
556444
556451
556453
556468
556470
556476
556481
556487
556489
556496
556500
556501
556510
556514
556518
556519
556521
556527
556531
556532
556534
556538
556548
556550
556552
556567
556570
556572
556574
556578
556583
556585
556586
556588
556589
556598
556600
556601
556603
556605
556609
556616
556623
556626
556632
556636
556643
556646
556663
556665
556672
556681
556686
556688
556691
556710
556717
556718
556725
556726
556728
556743
556751
556758
556760
556764
556770
556771
556772
556773
556776
556784
556785
556797
556811
556812
556836
556837
556842
556846
556853
556857
556858
556860
556867
556868
556871
556874
556875
556879
556880
556882
556885
556890
556900
556901
556905
556908
556909
556922
556931
556938
556939
556940
556943
556946
556949
556952
556956
556964
556965
556968
556975
556979
556981
556985
556986
556990
556991
556992
556997
557002
557013
557018
557027
557035
557036
557037
557044
557048
557054
557056
557058
557060
557066
557084
557085
557092
557095
557098
557103
557105
557112
557122
557128
557137
557141
557145
557147
557149
557153
557159
557160
557161
557182
557183
557185
557192
557193
557194
557197
557213
557215
557219
557227
557235
557255
557258
557262
557273
557276
557277
557278
557282
557284
557287
557288
557291
557300
557304
557308
557317
557320
557321
557322
557329
557337
557339
557350
557354
557357
557361
557362
557370
557371
557375
557386
557387
557391
557394
557397
557399
557403
557409
557415
557416
557422
557424
557425
557443
557445
557449
557451
557455
557461
557462
557466
557467
557476
557488
557492
557494
557495
557501
557503
557504
557511
557514
557521
557534
557538
557549
557557
557560
557561
557566
557569
557570
557576
557577
557578
557586
557589
557590
557594
557599
557600
557605
557610
557613
557614
557615
557623
557631
557632
557633
557641
557643
557644
557649
557651
557658
557660
557663
557664
557668
557671
557676
557699
557702
557709
557712
557713
557720
557727
557733
557734
557743
557749
557750
557769
557773
557778
557788
557790
557792
557799
557811
557813
557818
557829
557834
557841
557846
557847
557853
557855
557860
557861
557863
557864
557866
557867
557872
557880
557889
557899
557901
557905
557909
557912
557919
557924
557929
557939
557945
557947
557949
557955
557956
557961
557965
557967
557968
557970
557973
557976
557977
557981
557983
557986
557995
558000
558006
558008
558014
558021
558026
558028
558033
558034
558038
558042
558043
558061
558063
558064
558077
558086
558093
558096
558104
558108
558114
558119
558127
558130
558144
558146
558147
558148
558149
558156
558164
558166
558172
558174
558178
558183
558184
558186
558188
558195
558207
558210
558212
558215
558219
558223
558224
558225
558238
558244
558250
558265
558268
558273
558274
558277
558280
558285
558291
558295
558300
558302
558308
558318
558325
558326
558329
558332
558334
558336
558338
558343
558347
558352
558359
558361
558362
558366
558369
558372
558373
558376
558382
558389
558391
558392
558396
558406
558412
558415
558420
558421
558425
558427
558433
558437
558452
558454
558455
558459
558464
558472
558479
558482
558483
558484
558485
558495
558500
558510
558513
558516
558530
558541
558543
558545
558553
558554
558565
558567
558570
558571
558577
558587
558588
558589
558595
558596
558601
558602
558603
558604
558609
558615
558623
558626
558636
558638
558643
558648
558654
558658
558659
558661
558664
558675
558676
558682
558689
558697
558705
558710
558715
558719
558720
558721
558723
558728
558741
558744
558746
558755
558759
558764
558766
558774
558776
558780
558790
558796
558798
558799
558809
558813
558821
558823
558826
558843
558845
558846
558847
558849
558852
558854
558858
558861
558871
558878
558884
558886
558890
558892
558893
558894
558896
558903
558904
558908
558909
558916
558920
558923
558925
558931
558939
558943
558945
558950
558952
558956
558964
558972
558974
558983
558987
558992
559000
559005
559012
559013
559014
559015
559017
559022
559026
559035
559036
559051
559059
559078
559081
559086
559091
559092
559107
559123
559125
559128
559129
559133
559147
559156
559159
559163
559174
559175
559176
559178
559180
559186
559190
559191
559193
559195
559199
559207
559209
559219
559223
559224
559227
559228
559231
559232
559235
559241
559242
559244
559248
559252
559263
559264
559274
559283
559287
559288
559289
559291
559293
559306
559313
559314
559315
559324
559327
559328
559329
559336
559338
559344
559351
559359
559360
559366
559379
559384
559387
559396
559401
559404
559415
559423
559424
559427
559433
559439
559441
559442
559445
559447
559454
559457
559464
559473
559477
559478
559479
559484
559485
559487
559497
559500
559508
559509
559519
559528
559530
559531
559535
559538
559539
559541
559543
559548
559549
559551
559552
559554
559565
559569
559573
559583
559601
559606
559609
559610
559622
559623
559625
559631
559636
559639
559642
559650
559651
559656
559664
559666
559690
559693
559694
559699
559701
559708
559713
559727
559734
559740
559746
559753
559755
559764
559767
559769
559771
559778
559793
559796
559803
559804
559811
559816
559823
559832
559833
559837
559841
559842
559849
559850
559852
559854
559859
559871
559884
559888
559889
559893
559896
559901
559904
559905
559909
559911
559914
559915
559922
559927
559933
559940
559946
559949
559955
559961
559964
559968
559974
559976
559978
559982
559984
559985
559988
559989
559998
560009
560013
560020
560022
560023
560028
560033
560035
560042
560055
560058
560059
560064
560071
560075
560077
560084
560089
560091
560121
560128
560129
560133
560135
560138
560139
560142
560159
560162
560164
560168
560187
560189
560193
560196
560205
560208
560214
560218
560236
560237
560238
560246
560247
560248
560251
560253
560257
560258
560269
560270
560283
560290
560296
560301
560307
560308
560320
560325
560329
560337
560339
560348
560354
560359
560361
560370
560371
560372
560380
560384
560385
560386
560402
560409
560421
560426
560428
560431
560435
560436
560442
560445
560452
560453
560460
560463
560466
560469
560473
560482
560483
560484
560488
560494
560500
560509
560514
560518
560519
560521
560538
560539
560552
560554
560559
560564
560572
560574
560575
560582
560583
560601
560603
560609
560614
560617
560618
560619
560620
560621
560627
560630
560638
560642
560647
560654
560657
560658
560663
560667
560668
560672
560675
560681
560682
560686
560694
560696
560699
560708
560709
560729
560741
560747
560752
560761
560764
560765
560766
560770
560772
560778
560781
560788
560794
560796
560797
560807
560817
560818
560819
560821
560824
560827
560828
560830
560836
560838
560842
560850
560852
560855
560859
560865
560871
560873
560875
560881
560882
560889
560890
560893
560894
560897
560902
560906
560911
560917
560919
560921
560922
560924
560934
560944
560949
560951
560953
560954
560956
560970
560972
560973
560982
560986
560989
560994
560996
561000
561004
561009
561010
561014
561032
561033
561045
561050
561056
561060
561065
561069
561074
561076
561077
561079
561081
561086
561090
561092
561093
561102
561104
561106
561109
561111
561113
561116
561121
561130
561131
561133
561135
561139
561142
561143
561149
561158
561159
561161
561168
561169
561171
561174
561178
561179
561181
561182
561185
561186
561188
561192
561195
561202
561209
561229
561237
561239
561242
561245
561250
561253
561256
561258
561260
561271
561272
561273
561275
561277
561283
561285
561286
561287
561288
561290
561301
561317
561323
561324
561328
561331
561337
561340
561342
561344
561346
561347
561350
561352
561355
561356
561360
561362
561371
561393
561401
561405
561411
561412
561416
561420
561421
561429
561432
561440
561445
561453
561455
561457
561458
561461
561463
561464
561465
561467
561473
561481
561484
561487
561491
561495
561504
561505
561506
561515
561517
561518
561519
561527
561536
561537
561538
561550
561551
561553
561555
561558
561562
561572
561574
561575
561576
561580
561582
561584
561586
561587
561589
561594
561596
561598
561600
561604
561605
561614
561619
561628
561629
561634
561637
561638
561642
561647
561648
561653
561654
561660
561663
561669
561674
561675
561677
561682
561686
561687
561688
561693
561694
561697
561698
561704
561705
561707
561709
561711
561722
561735
561736
561740
561742
561746
561750
561753
561755
561761
561763
561766
561770
561775
561776
561780
561790
561793
561800
561802
561803
561804
561805
561808
561811
561812
561818
561820
561833
561839
561844
561845
561846
561853
561865
561870
561872
561875
561881
561883
561885
561891
561894
561907
561908
561909
561910
561911
561915
561936
561948
561949
561965
561977
561983
561986
561992
561997
561999
562010
562011
562017
562019
562020
562028
562033
562036
562040
562062
562067
562078
562080
562082
562084
562099
562101
562103
562104
562105
562107
562113
562118
562124
562125
562131
562135
562140
562141
562153
562157
562159
562162
562186
562192
562199
562210
562215
562220
562224
562227
562231
562234
562235
562236
562239
562240
562241
562245
562248
562250
562252
562255
562261
562283
562284
562286
562287
562294
562297
562300
562301
562312
562321
562331
562341
562344
562345
562349
562353
562355
562364
562367
562368
562375
562380
562385
562387
562392
562398
562400
562402
562412
562413
562420
562423
562424
562425
562429
562438
562441
562443
562445
562447
562458
562462
562464
562465
562470
562485
562486
562518
562520
562541
562543
562547
562551
562553
562559
562560
562561
562566
562572
562574
562575
562577
562583
562593
562595
562603
562604
562614
562615
562619
562622
562627
562640
562654
562657
562666
562670
562674
562696
562700
562706
562709
562714
562716
562718
562726
562729
562734
562736
562739
562743
562746
562747
562748
562752
562765
562767
562773
562777
562779
562782
562783
562784
562787
562788
562789
562793
562804
562805
562808
562812
562816
562818
562823
562831
562840
562842
562844
562851
562856
562872
562873
562875
562877
562879
562880
562901
562904
562911
562912
562925
562928
562931
562935
562939
562940
562950
562954
562957
562959
562970
562975
562979
562982
562986
562993
562994
563004
563005
563007
563012
563016
563017
563024
563027
563033
563037
563040
563044
563045
563057
563066
563071
563072
563077
563078
563081
563090
563096
563097
563111
563115
563120
563126
563130
563131
563133
563138
563140
563145
563148
563168
563179
563181
563188
563191
563200
563205
563207
563209
563210
563211
563216
563221
563235
563239
563247
563248
563250
563252
563261
563273
563277
563283
563287
563288
563296
563305
563310
563315
563317
563320
563322
563325
563345
563348
563351
563353
563357
563362
563366
563368
563369
563377
563378
563380
563383
563384
563385
563386
563389
563396
563397
563401
563406
563412
563413
563419
563422
563436
563437
563438
563450
563451
563453
563454
563458
563459
563466
563469
563470
563472
563475
563481
563483
563486
563493
563494
563505
563508
563509
563510
563521
563525
563532
563533
563535
563537
563543
563547
563550
563553
563557
563561
563563
563567
563568
563574
563575
563577
563589
563591
563594
563598
563601
563604
563613
563617
563618
563619
563622
563631
563634
563646
563649
563650
563655
563658
563668
563670
563672
563678
563682
563695
563696
563700
563705
563709
563710
563717
563723
563724
563732
563734
563737
563745
563751
563752
563756
563757
563759
563760
563761
563762
563766
563767
563769
563771
563773
563774
563776
563780
563784
563795
563797
563798
563802
563808
563827
563831
563854
563855
563856
563860
563862
563864
563873
563887
563895
563896
563898
563905
563906
563909
563910
563915
563925
563933
563940
563944
563953
563955
563964
563965
563974
563986
563992
563993
563997
564001
564003
564005
564012
564015
564019
564020
564022
564023
564027
564033
564039
564042
564057
564067
564068
564069
564073
564075
564083
564091
564092
564094
564097
564101
564103
564108
564114
564120
564122
564123
564124
564127
564129
564136
564145
564148
564151
564153
564155
564158
564159
564165
564177
564193
564197
564198
564201
564203
564206
564215
564226
564235
564239
564247
564251
564257
564258
564260
564262
564270
564275
564278
564285
564286
564289
564291
564298
564299
564304
564309
564314
564317
564330
564333
564337
564339
564342
564349
564359
564373
564379
564380
564384
564386
564389
564390
564391
564409
564412
564413
564415
564416
564426
564427
564440
564445
564447
564451
564464
564469
564476
564483
564485
564499
564509
564514
564516
564517
564518
564519
564524
564526
564527
564530
564532
564540
564546
564552
564556
564558
564559
564560
564562
564568
564570
564572
564575
564577
564588
564590
564592
564594
564600
564601
564604
564615
564620
564621
564626
564627
564633
564636
564641
564644
564646
564651
564652
564656
564675
564679
564690
564691
564692
564697
564705
564708
564713
564714
564715
564719
564723
564730
564732
564733
564734
564736
564738
564739
564746
564752
564756
564764
564766
564769
564770
564785
564786
564789
564796
564808
564815
564821
564824
564829
564832
564833
564835
564836
564839
564842
564855
564865
564867
564870
564874
564887
564889
564892
564895
564896
564904
564914
564915
564918
564922
564928
564931
564947
564954
564957
564971
564976
564983
564984
564987
564989
564992
564993
565000
565002
565003
565004
565014
565018
565021
565024
565032
565041
565045
565050
565052
565058
565060
565064
565073
565075
565081
565082
565083
565087
565088
565089
565093
565102
565125
565126
565137
565142
565145
565151
565152
565154
565155
565158
565167
565168
565171
565177
565192
565196
565201
565202
565212
565213
565234
565236
565240
565243
565245
565250
565256
565262
565266
565267
565269
565279
565286
565291
565293
565295
565299
565309
565310
565314
565319
565324
565326
565335
565340
565342
565352
565353
565363
565364
565365
565383
565388
565396
565404
565407
565408
565414
565419
565421
565429
565433
565436
565439
565444
565448
565459
565461
565465
565466
565467
565473
565490
565492
565493
565496
565502
565507
565509
565515
565529
565543
565545
565548
565550
565564
565566
565569
565570
565581
565584
565591
565595
565596
565598
565609
565611
565616
565617
565619
565623
565629
565631
565634
565635
565639
565642
565643
565647
565650
565656
565659
565664
565665
565670
565671
565673
565674
565676
565682
565707
565711
565719
565724
565727
565729
565747
565749
565750
565751
565759
565764
565772
565778
565782
565790
565793
565801
565802
565805
565811
565814
565825
565838
565841
565845
565854
565856
565857
565859
565860
565884
565886
565890
565895
565913
565921
565931
565934
565936
565970
565973
565977
565983
565993
565995
566000
566003
566004
566011
566020
566026
566027
566033
566038
566039
566053
566054
566058
566062
566068
566075
566078
566083
566084
566085
566096
566099
566101
566112
566126
566129
566130
566141
566143
566144
566160
566161
566166
566172
566178
566179
566182
566184
566195
566204
566205
566206
566207
566209
566210
566212
566218
566219
566220
566226
566229
566236
566237
566240
566244
566247
566249
566252
566259
566276
566277
566278
566283
566290
566293
566294
566295
566297
566304
566308
566310
566312
566313
566327
566330
566334
566336
566337
566341
566342
566346
566354
566359
566363
566376
566388
566396
566399
566400
566405
566408
566411
566425
566427
566428
566430
566431
566432
566434
566437
566439
566446
566449
566453
566459
566463
566471
566475
566476
566481
566484
566502
566505
566517
566521
566529
566533
566543
566554
566556
566557
566560
566562
566564
566569
566584
566585
566588
566592
566594
566601
566605
566607
566614
566618
566619
566623
566631
566637
566639
566649
566651
566655
566659
566672
566675
566677
566684
566693
566696
566697
566706
566708
566712
566716
566724
566725
566728
566730
566743
566748
566749
566750
566757
566760
566762
566766
566772
566779
566780
566784
566786
566790
566792
566793
566797
566821
566828
566844
566846
566853
566856
566858
566860
566861
566865
566869
566870
566874
566876
566878
566881
566884
566886
566888
566890
566895
566903
566909
566912
566916
566921
566925
566928
566934
566935
566940
566944
566958
566961
566963
566970
566978
566980
566982
566985
566987
566988
566991
566992
567010
567017
567021
567029
567037
567044
567046
567048
567052
567062
567064
567072
567079
567083
567084
567091
567093
567094
567110
567112
567115
567130
567131
567140
567144
567147
567150
567151
567155
567156
567158
567163
567165
567167
567168
567174
567178
567180
567182
567189
567191
567220
567221
567222
567223
567225
567245
567247
567252
567264
567270
567272
567273
567275
567280
567283
567284
567289
567297
567299
567326
567337
567338
567355
567368
567371
567376
567378
567383
567389
567391
567394
567399
567403
567411
567412
567417
567423
567425
567426
567429
567432
567438
567450
567451
567453
567455
567458
567459
567460
567465
567474
567477
567478
567480
567482
567483
567494
567499
567508
567513
567526
567541
567548
567551
567553
567557
567559
567566
567569
567574
567577
567579
567583
567593
567594
567610
567618
567619
567622
567627
567630
567633
567650
567652
567658
567662
567665
567667
567675
567677
567680
567685
567687
567690
567715
567725
567733
567736
567739
567748
567750
567754
567756
567761
567762
567770
567779
567780
567782
567797
567799
567802
567813
567815
567818
567826
567833
567834
567837
567843
567849
567853
567855
567857
567859
567860
567863
567869
567872
567886
567891
567892
567897
567909
567917
567919
567922
567924
567925
567928
567932
567933
567934
567938
567946
567951
567958
567961
567974
567983
567985
567987
567999
568000
568003
568005
568020
568030
568032
568033
568034
568036
568037
568039
568044
568048
568053
568057
568059
568062
568066
568070
568071
568078
568079
568088
568101
568103
568108
568112
568115
568117
568120
568124
568142
568146
568165
568188
568194
568195
568197
568204
568206
568211
568213
568215
568221
568222
568231
568236
568246
568249
568255
568263
568265
568268
568271
568277
568278
568283
568287
568291
568302
568307
568311
568315
568316
568322
568323
568324
568325
568328
568337
568340
568344
568352
568360
568362
568365
568377
568378
568382
568383
568385
568387
568390
568398
568413
568416
568424
568427
568434
568436
568443
568447
568454
568459
568461
568475
568476
568480
568481
568483
568484
568490
568496
568507
568509
568512
568524
568525
568526
568531
568549
568555
568563
568565
568598
568604
568609
568616
568617
568619
568621
568622
568625
568630
568643
568646
568652
568663
568665
568669
568676
568678
568683
568695
568697
568727
568738
568743
568747
568750
568753
568760
568767
568769
568776
568777
568785
568789
568790
568800
568804
568805
568807
568809
568813
568816
568819
568823
568825
568832
568836
568838
568847
568849
568854
568856
568857
568858
568861
568865
568870
568871
568873
568876
568885
568890
568894
568897
568901
568903
568905
568906
568915
568921
568930
568934
568943
568944
568948
568949
568951
568956
568959
568961
568964
568970
568974
568979
568981
568985
568988
568992
568995
569000
569013
569014
569019
569021
569025
569029
569032
569036
569044
569054
569061
569064
569067
569077
569082
569084
569087
569088
569091
569092
569093
569095
569097
569100
569101
569109
569115
569116
569118
569119
569125
569127
569130
569137
569139
569141
569146
569150
569154
569155
569167
569178
569183
569188
569195
569198
569202
569207
569211
569213
569224
569230
569235
569245
569246
569251
569257
569264
569269
569270
569271
569272
569273
569274
569280
569282
569310
569316
569321
569322
569326
569330
569334
569335
569337
569340
569341
569347
569353
569362
569369
569375
569386
569388
569389
569395
569397
569398
569399
569400
569401
569403
569406
569410
569422
569429
569431
569438
569444
569452
569453
569459
569461
569463
569464
569467
569472
569475
569476
569477
569480
569484
569485
569499
569501
569503
569507
569510
569511
569518
569523
569526
569528
569529
569532
569539
569543
569545
569548
569573
569581
569583
569592
569595
569596
569599
569601
569602
569610
569611
569613
569617
569618
569626
569629
569632
569638
569646
569648
569650
569656
569659
569660
569662
569665
569670
569689
569690
569693
569697
569698
569705
569706
569710
569723
569726
569731
569736
569737
569738
569743
569751
569752
569754
569759
569773
569774
569775
569778
569783
569789
569793
569795
569797
569804
569806
569808
569810
569815
569824
569827
569841
569842
569843
569851
569852
569860
569864
569876
569881
569886
569889
569908
569909
569911
569916
569918
569925
569929
569930
569936
569942
569944
569946
569948
569955
569959
569971
569972
569985
569986
569988
569990
570004
570009
570010
570019
570020
570027
570029
570030
570032
570034
570051
570052
570058
570066
570069
570070
570071
570076
570077
570078
570081
570087
570092
570095
570096
570100
570101
570102
570107
570112
570113
570117
570120
570122
570123
570125
570127
570129
570134
570136
570145
570148
570149
570156
570158
570161
570164
570166
570169
570184
570186
570187
570188
570190
570191
570195
570197
570198
570205
570206
570209
570213
570216
570222
570229
570233
570235
570236
570237
570252
570254
570268
570277
570285
570290
570293
570300
570301
570302
570309
570310
570311
570312
570318
570319
570331
570342
570343
570347
570355
570362
570366
570371
570372
570381
570383
570385
570386
570387
570394
570396
570407
570413
570419
570425
570428
570429
570434
570438
570452
570457
570460
570461
570468
570476
570478
570480
570481
570488
570491
570492
570493
570494
570495
570503
570507
570509
570513
570517
570520
570534
570536
570549
570555
570560
570563
570565
570570
570578
570590
570592
570597
570602
570614
570618
570624
570625
570630
570632
570637
570643
570646
570648
570661
570663
570667
570668
570673
570687
570688
570690
570691
570695
570697
570701
570713
570717
570720
570727
570728
570729
570730
570732
570737
570738
570740
570743
570744
570745
570748
570750
570755
570758
570776
570778
570782
570791
570802
570803
570807
570820
570826
570835
570836
570838
570839
570841
570843
570852
570853
570855
570862
570863
570870
570871
570873
570875
570876
570884
570896
570900
570904
570908
570914
570915
570922
570930
570931
570934
570935
570939
570943
570950
570952
570955
570959
570961
570964
570965
570973
570976
570979
570984
570986
570988
570996
570998
570999
571001
571003
571013
571015
571033
571038
571039
571041
571043
571044
571048
571054
571059
571062
571065
571073
571078
571079
571081
571085
571091
571096
571103
571106
571110
571116
571118
571119
571120
571121
571127
571128
571129
571132
571141
571148
571151
571155
571160
571175
571176
571181
571184
571185
571186
571189
571196
571201
571206
571216
571229
571243
571244
571245
571248
571249
571252
571259
571272
571277
571288
571294
571295
571296
571304
571305
571316
571320
571322
571326
571332
571346
571349
571353
571361
571362
571364
571366
571373
571375
571377
571379
571381
571386
571391
571393
571405
571409
571413
571416
571420
571422
571424
571430
571431
571434
571446
571448
571457
571465
571478
571480
571483
571496
571500
571511
571512
571514
571518
571531
571538
571548
571554
571556
571559
571560
571565
571567
571569
571576
571578
571580
571584
571585
571611
571615
571616
571619
571627
571630
571632
571633
571634
571639
571645
571647
571655
571660
571663
571666
571674
571681
571683
571691
571692
571693
571696
571697
571699
571713
571718
571722
571726
571729
571730
571733
571735
571736
571737
571738
571739
571745
571746
571748
571750
571755
571758
571762
571763
571775
571779
571781
571782
571791
571793
571797
571803
571806
571811
571813
571815
571816
571820
571822
571826
571836
571838
571840
571849
571854
571865
571870
571871
571872
571873
571879
571880
571886
571890
571899
571900
571902
571907
571909
571910
571913
571916
571918
571921
571925
571927
571928
571930
571936
571940
571942
571950
571951
571961
571962
571964
571968
571970
571973
571974
571976
571980
571982
571991
572000
572002
572015
572016
572017
572018
572019
572025
572029
572037
572039
572041
572042
572044
572045
572057
572059
572061
572062
572063
572065
572067
572071
572073
572077
572087
572088
572099
572105
572106
572109
572111
572112
572114
572126
572137
572148
572158
572160
572171
572179
572196
572206
572212
572218
572222
572224
572227
572232
572250
572259
572266
572267
572274
572276
572287
572302
572304
572312
572324
572330
572332
572334
572336
572341
572357
572361
572363
572364
572366
572380
572381
572382
572383
572385
572396
572403
572410
572429
572438
572442
572445
572446
572457
572469
572481
572483
572485
572486
572494
572495
572498
572507
572510
572521
572524
572529
572530
572532
572533
572534
572535
572537
572538
572539
572540
572545
572548
572556
572562
572563
572569
572587
572589
572592
572596
572598
572600
572602
572614
572616
572625
572631
572636
572639
572646
572655
572656
572666
572672
572674
572675
572685
572694
572698
572699
572701
572703
572705
572711
572713
572714
572726
572727
572743
572748
572753
572763
572777
572784
572788
572790
572791
572798
572799
572802
572804
572812
572814
572822
572824
572827
572830
572848
572854
572859
572865
572868
572874
572881
572883
572890
572899
572900
572903
572906
572908
572919
572922
572924
572925
572927
572928
572932
572933
572944
572946
572950
572951
572952
572961
572962
572970
572978
572979
572983
572997
573000
573006
573008
573010
573011
573018
573021
573027
573028
573032
573043
573045
573051
573053
573057
573064
573066
573068
573071
573083
573093
573097
573099
573108
573115
573119
573122
573124
573134
573135
573136
573143
573145
573148
573154
573171
573179
573185
573192
573193
573194
573202
573205
573209
573210
573214
573223
573232
573241
573252
573256
573260
573265
573266
573275
573276
573282
573288
573297
573298
573305
573307
573315
573316
573318
573323
573337
573338
573342
573352
573357
573358
573361
573363
573366
573369
573371
573372
573378
573381
573385
573387
573388
573389
573390
573391
573392
573395
573409
573413
573416
573423
573431
573435
573436
573440
573449
573451
573457
573460
573465
573466
573468
573471
573472
573473
573479
573483
573485
573492
573494
573495
573497
573499
573500
573501
573504
573511
573512
573520
573522
573523
573525
573533
573534
573540
573554
573565
573569
573574
573576
573583
573590
573594
573601
573602
573611
573620
573621
573636
573658
573664
573673
573674
573678
573682
573683
573691
573697
573700
573701
573703
573711
573714
573723
573724
573728
573731
573744
573749
573758
573768
573775
573781
573784
573789
573795
573799
573806
573818
573821
573823
573831
573838
573845
573850
573851
573861
573863
573867
573869
573874
573879
573883
573886
573893
573894
573901
573902
573906
573913
573922
573923
573925
573926
573927
573934
573943
573945
573950
573951
573964
573968
573974
573990
573995
573999
574007
574011
574012
574016
574019
574025
574026
574027
574033
574035
574036
574037
574041
574065
574068
574072
574073
574077
574078
574085
574087
574099
574111
574114
574115
574117
574119
574122
574124
574125
574127
574131
574135
574137
574138
574143
574159
574160
574176
574177
574180
574187
574188
574190
574197
574198
574200
574201
574209
574211
574219
574222
574223
574224
574225
574228
574229
574236
574238
574241
574244
574249
574250
574261
574276
574278
574281
574282
574287
574300
574301
574302
574304
574311
574317
574321
574323
574326
574327
574330
574332
574335
574336
574339
574342
574344
574350
574356
574359
574360
574362
574372
574385
574386
574388
574394
574396
574403
574404
574414
574419
574421
574426
574428
574429
574435
574438
574444
574446
574453
574455
574457
574458
574468
574470
574474
574477
574478
574481
574483
574488
574493
574498
574514
574518
574523
574526
574527
574530
574535
574537
574541
574543
574546
574547
574550
574554
574560
574561
574563
574566
574570
574574
574583
574584
574587
574593
574597
574600
574604
574611
574613
574623
574624
574626
574627
574635
574637
574640
574650
574651
574652
574653
574654
574664
574666
574667
574668
574671
574672
574677
574679
574689
574696
574697
574698
574699
574702
574709
574710
574718
574720
574721
574722
574723
574724
574730
574742
574743
574744
574747
574751
574757
574772
574774
574776
574787
574788
574791
574797
574810
574812
574818
574819
574821
574825
574827
574833
574834
574837
574839
574840
574843
574845
574846
574850
574863
574865
574866
574869
574873
574876
574886
574895
574897
574898
574900
574901
574905
574908
574909
574915
574919
574920
574923
574926
574928
574938
574942
574945
574949
574954
574955
574957
574958
574959
574961
574964
574966
574969
574970
574972
574977
574985
574986
574989
574990
574996
575000
575001
575004
575017
575019
575021
575025
575027
575028
575031
575036
575037
575038
575046
575051
575055
575056
575058
575066
575069
575073
575074
575076
575079
575085
575087
575088
575102
575121
575126
575127
575134
575144
575145
575156
575159
575162
575167
575168
575170
575171
575174
575188
575189
575190
575194
575199
575208
575209
575210
575212
575213
575214
575215
575216
575223
575231
575234
575238
575247
575253
575254
575262
575265
575266
575271
575274
575277
575298
575302
575303
575306
575307
575310
575312
575316
575317
575323
575324
575341
575357
575359
575363
575365
575367
575368
575375
575388
575391
575393
575396
575399
575402
575405
575415
575420
575429
575431
575435
575446
575448
575451
575453
575456
575458
575461
575466
575467
575476
575481
575487
575492
575493
575494
575500
575503
575512
575514
575520
575525
575532
575536
575537
575538
575543
575552
575553
575554
575559
575562
575566
575570
575573
575574
575575
575583
575584
575586
575587
575593
575597
575600
575604
575609
575610
575615
575617
575629
575631
575635
575637
575639
575640
575645
575650
575663
575664
575666
575669
575670
575674
575679
575688
575694
575695
575696
575703
575708
575712
575722
575729
575731
575733
575735
575736
575739
575741
575750
575752
575754
575755
575762
575763
575768
575769
575770
575772
575781
575782
575789
575792
575794
575799
575804
575805
575811
575816
575818
575820
575821
575823
575830
575844
575846
575850
575854
575856
575862
575865
575876
575879
575884
575891
575896
575899
575904
575906
575908
575914
575935
575943
575953
575959
575969
575974
575981
575985
575986
575988
575996
576006
576008
576009
576027
576029
576034
576046
576053
576055
576056
576058
576062
576066
576068
576070
576089
576092
576093
576099
576105
576108
576109
576111
576119
576124
576127
576130
576132
576136
576141
576144
576146
576148
576156
576157
576161
576163
576184
576185
576187
576189
576190
576196
576200
576205
576208
576211
576216
576217
576226
576234
576238
576250
576255
576267
576268
576273
576275
576276
576278
576280
576282
576283
576285
576287
576288
576292
576295
576298
576299
576300
576303
576304
576309
576312
576319
576323
576332
576336
576337
576338
576343
576345
576349
576355
576356
576361
576368
576371
576372
576375
576381
576383
576387
576393
576404
576405
576406
576415
576420
576423
576424
576431
576444
576445
576446
576448
576450
576462
576465
576466
576467
576471
576474
576475
576483
576486
576489
576491
576492
576499
576508
576514
576515
576531
576540
576546
576547
576550
576554
576556
576558
576566
576571
576572
576579
576593
576595
576596
576608
576610
576615
576618
576621
576628
576629
576636
576646
576652
576657
576664
576665
576668
576676
576677
576678
576684
576689
576696
576698
576716
576720
576722
576724
576727
576732
576749
576758
576766
576769
576773
576775
576778
576779
576780
576783
576785
576788
576790
576796
576800
576804
576805
576806
576808
576812
576816
576817
576826
576831
576835
576839
576844
576847
576856
576865
576870
576874
576876
576881
576887
576889
576891
576896
576904
576910
576913
576915
576920
576923
576928
576936
576945
576950
576952
576953
576956
576959
576966
576969
576971
576975
576977
576978
576979
576980
576982
576986
576987
576991
576992
576993
576996
576997
576998
577001
577002
577011
577023
577030
577035
577046
577048
577053
577068
577070
577072
577083
577088
577090
577094
577098
577100
577104
577106
577107
577111
577116
577119
577120
577123
577125
577136
577137
577140
577144
577147
577149
577152
577153
577154
577164
577170
577179
577188
577190
577193
577197
577201
577204
577212
577253
577264
577265
577270
577273
577278
577283
577284
577285
577288
577293
577298
577301
577305
577306
577310
577311
577314
577316
577317
577319
577322
577334
577335
577343
577344
577346
577347
577354
577355
577362
577368
577380
577385
577391
577392
577394
577412
577415
577417
577419
577422
577427
577431
577435
577439
577445
577447
577451
577457
577459
577461
577469
577472
577474
577475
577476
577477
577478
577479
577484
577493
577505
577513
577516
577521
577522
577526
577527
577534
577536
577540
577542
577547
577549
577554
577557
577569
577570
577579
577580
577585
577588
577591
577592
577596
577597
577600
577607
577609
577613
577623
577633
577639
577646
577660
577666
577667
577680
577683
577704
577706
577713
577716
577719
577732
577734
577743
577749
577750
577754
577764
577787
577790
577797
577806
577809
577815
577816
577819
577820
577823
577829
577830
577831
577833
577836
577837
577846
577855
577860
577861
577864
577865
577871
577874
577878
577887
577890
577905
577906
577908
577910
577920
577923
577925
577928
577938
577942
577952
577963
577971
577977
577978
577979
577989
577992
577997
577998
578000
578005
578007
578008
578010
578013
578018
578032
578034
578037
578050
578055
578056
578060
578064
578068
578071
578074
578077
578081
578083
578084
578087
578090
578092
578093
578095
578100
578101
578109
578117
578120
578122
578125
578129
578132
578144
578148
578149
578153
578157
578162
578170
578173
578179
578186
578189
578195
578206
578211
578213
578214
578221
578224
578229
578237
578240
578244
578255
578263
578265
578276
578282
578285
578287
578293
578310
578311
578314
578317
578318
578321
578323
578343
578344
578348
578350
578351
578357
578358
578359
578364
578383
578384
578387
578390
578397
578414
578418
578420
578423
578435
578436
578441
578442
578446
578451
578452
578453
578457
578460
578461
578468
578471
578484
578497
578502
578505
578508
578513
578518
578529
578536
578538
578539
578543
578546
578547
578552
578561
578571
578574
578581
578586
578589
578591
578598
578610
578612
578627
578628
578630
578633
578643
578649
578654
578655
578664
578666
578669
578670
578674
578675
578682
578685
578687
578693
578694
578700
578706
578707
578713
578714
578715
578723
578724
578725
578726
578728
578736
578737
578738
578745
578747
578750
578756
578764
578771
578778
578779
578785
578786
578788
578794
578798
578804
578811
578824
578834
578836
578843
578852
578860
578863
578869
578876
578878
578888
578894
578895
578898
578900
578905
578907
578913
578916
578917
578919
578923
578928
578932
578933
578934
578936
578944
578946
578948
578949
578967
578972
578980
578993
578994
579011
579014
579017
579024
579026
579038
579039
579040
579045
579055
579056
579059
579060
579061
579068
579069
579073
579074
579080
579081
579086
579088
579099
579100
579110
579112
579120
579125
579130
579132
579134
579142
579144
579158
579161
579169
579171
579172
579173
579178
579180
579182
579185
579196
579197
579200
579202
579204
579207
579213
579217
579218
579219
579224
579227
579230
579241
579244
579247
579248
579252
579255
579257
579265
579274
579276
579283
579287
579295
579296
579300
579302
579303
579304
579308
579313
579314
579328
579330
579331
579334
579335
579337
579339
579341
579343
579345
579347
579353
579355
579359
579369
579376
579389
579390
579396
579401
579404
579408
579413
579416
579435
579440
579450
579453
579455
579458
579462
579465
579474
579475
579476
579477
579493
579497
579499
579519
579520
579532
579541
579542
579543
579548
579555
579556
579558
579559
579560
579564
579565
579572
579575
579579
579581
579587
579590
579592
579594
579599
579602
579608
579609
579611
579615
579632
579633
579638
579645
579650
579653
579660
579671
579672
579678
579679
579680
579698
579701
579708
579719
579721
579726
579738
579739
579741
579751
579752
579753
579768
579777
579779
579781
579783
579787
579789
579790
579802
579803
579804
579817
579828
579834
579845
579846
579853
579859
579860
579873
579879
579881
579891
579898
579902
579904
579905
579907
579909
579912
579913
579914
579917
579919
579921
579922
579926
579930
579932
579941
579946
579950
579957
579963
579969
579973
579975
579978
579981
579983
579984
579987
579990
580003
580008
580016
580020
580024
580029
580039
580041
580042
580045
580059
580068
580074
580075
580076
580078
580086
580088
580096
580099
580104
580112
580118
580123
580128
580135
580147
580155
580163
580164
580166
580170
580179
580181
580185
580186
580194
580197
580202
580208
580211
580213
580216
580228
580232
580240
580260
580262
580270
580272
580277
580282
580283
580295
580303
580304
580321
580323
580324
580341
580354
580358
580359
580361
580367
580388
580394
580398
580404
580409
580410
580413
580415
580416
580421
580423
580428
580433
580434
580439
580441
580442
580443
580444
580448
580449
580455
580464
580465
580471
580473
580475
580488
580491
580493
580494
580501
580503
580508
580509
580510
580511
580523
580527
580536
580539
580541
580558
580563
580566
580572
580578
580587
580589
580591
580597
580606
580607
580613
580614
580617
580623
580625
580629
580632
580633
580634
580635
580652
580654
580655
580658
580662
580667
580669
580679
580680
580682
580688
580690
580695
580701
580706
580715
580716
580717
580718
580725
580729
580732
580737
580743
580747
580750
580755
580762
580769
580770
580784
580790
580795
580800
580817
580825
580826
580832
580833
580852
580853
580855
580858
580866
580870
580874
580880
580893
580900
580903
580905
580906
580908
580909
580916
580924
580925
580928
580932
580934
580937
580938
580941
580945
580948
580950
580954
580956
580960
580962
580963
580965
580968
580973
580979
580983
580985
580993
581002
581009
581011
581013
581016
581017
581018
581024
581026
581035
581052
581053
581061
581066
581068
581077
581080
581084
581088
581094
581099
581100
581115
581117
581133
581134
581136
581140
581162
581166
581173
581175
581179
581182
581184
581188
581191
581206
581213
581215
581216
581217
581219
581221
581230
581235
581237
581238
581268
581270
581271
581284
581294
581298
581299
581305
581308
581310
581315
581316
581320
581323
581324
581327
581330
581333
581336
581339
581348
581352
581358
581360
581367
581368
581375
581380
581387
581393
581399
581416
581426
581434
581443
581464
581475
581479
581480
581486
581491
581496
581510
581524
581527
581530
581534
581557
581569
581570
581573
581577
581586
581587
581599
581601
581604
581615
581616
581619
581624
581625
581627
581629
581633
581638
581642
581643
581648
581652
581657
581663
581664
581681
581691
581692
581698
581701
581704
581708
581714
581716
581721
581728
581730
581733
581734
581738
581742
581758
581762
581764
581768
581780
581808
581813
581822
581824
581826
581832
581834
581836
581838
581840
581847
581852
581855
581861
581864
581873
581877
581883
581895
581901
581912
581914
581917
581919
581927
581931
581933
581941
581942
581953
581954
581958
581964
581967
581974
581975
581977
581985
581987
581995
581999
582001
582015
582019
582031
582032
582035
582039
582045
582047
582049
582051
582058
582061
582068
582069
582082
582094
582096
582097
582103
582110
582111
582113
582116
582120
582121
582125
582138
582145
582148
582151
582154
582162
582166
582170
582175
582176
582185
582186
582188
582190
582194
582195
582200
582208
582210
582224
582226
582237
582244
582247
582248
582250
582256
582265
582266
582267
582271
582273
582277
582283
582294
582296
582305
582313
582314
582318
582322
582324
582325
582326
582327
582328
582332
582334
582341
582342
582343
582345
582347
582348
582357
582370
582380
582384
582386
582387
582392
582405
582406
582407
582408
582410
582411
582412
582414
582420
582434
582453
582454
582457
582466
582476
582481
582484
582488
582491
582492
582493
582497
582503
582504
582508
582510
582517
582520
582523
582535
582547
582550
582554
582555
582559
582561
582567
582579
582583
582592
582594
582598
582600
582610
582614
582615
582627
582631
582633
582635
582638
582642
582647
582649
582652
582655
582659
582668
582669
582670
582674
582676
582679
582681
582683
582694
582698
582702
582708
582710
582716
582720
582722
582723
582733
582737
582741
582744
582745
582747
582755
582756
582764
582770
582771
582778
582781
582786
582787
582790
582796
582797
582805
582814
582815
582816
582817
582818
582822
582825
582826
582827
582829
582842
582849
582851
582855
582857
582858
582860
582863
582866
582868
582879
582885
582894
582896
582898
582902
582905
582916
582922
582923
582925
582929
582931
582942
582945
582950
582961
582964
582966
582968
582971
582976
582977
582984
582987
582989
582993
583006
583010
583011
583013
583016
583035
583041
583044
583047
583055
583058
583088
583090
583093
583097
583099
583100
583101
583109
583116
583122
583126
583127
583131
583146
583151
583153
583154
583158
583159
583162
583171
583173
583175
583178
583182
583184
583191
583194
583197
583198
583199
583200
583201
583202
583204
583205
583207
583210
583211
583215
583217
583221
583233
583237
583239
583240
583241
583257
583263
583264
583273
583279
583283
583289
583292
583294
583295
583304
583307
583315
583317
583321
583323
583324
583326
583327
583328
583332
583339
583342
583343
583346
583347
583356
583359
583363
583373
583374
583389
583391
583393
583394
583396
583397
583401
583405
583406
583408
583422
583426
583437
583449
583452
583459
583462
583469
583472
583483
583488
583491
583498
583501
583504
583507
583511
583512
583524
583535
583546
583549
583551
583552
583559
583561
583562
583567
583569
583575
583576
583586
583589
583591
583602
583608
583617
583620
583623
583630
583635
583638
583646
583647
583650
583651
583652
583659
583662
583666
583667
583670
583675
583678
583682
583685
583687
583694
583701
583709
583714
583720
583721
583726
583729
583730
583740
583741
583743
583746
583753
583762
583764
583766
583770
583787
583788
583798
583799
583802
583807
583820
583822
583825
583838
583840
583846
583853
583857
583858
583860
583863
583864
583865
583869
583879
583884
583886
583893
583902
583904
583908
583909
583924
583926
583936
583938
583939
583941
583943
583945
583946
583947
583951
583955
583956
583958
583965
583966
583968
583972
583988
583994
584006
584009
584014
584015
584030
584037
584039
584041
584055
584059
584066
584068
584070
584076
584081
584089
584093
584102
584107
584119
584123
584125
584133
584138
584144
584145
584153
584155
584161
584163
584165
584168
584171
584173
584180
584183
584187
584196
584200
584203
584215
584220
584226
584234
584235
584237
584246
584247
584254
584258
584264
584265
584275
584276
584279
584284
584285
584286
584289
584291
584298
584307
584318
584321
584328
584335
584347
584359
584366
584369
584370
584389
584397
584398
584403
584409
584411
584431
584433
584444
584452
584468
584470
584485
584486
584487
584488
584490
584494
584503
584507
584508
584517
584538
584549
584554
584555
584562
584568
584575
584580
584587
584591
584599
584602
584604
584605
584608
584615
584616
584623
584632
584633
584634
584635
584640
584647
584650
584652
584653
584658
584668
584670
584671
584673
584674
584675
584680
584687
584692
584693
584695
584698
584699
584702
584705
584717
584719
584724
584734
584736
584737
584740
584746
584747
584750
584753
584755
584757
584758
584760
584761
584763
584766
584782
584788
584789
584795
584800
584804
584810
584813
584822
584832
584836
584838
584839
584849
584851
584862
584865
584869
584876
584889
584890
584898
584905
584919
584927
584936
584937
584940
584941
584945
584947
584954
584956
584961
584964
584965
584969
584980
584990
584995
585014
585021
585023
585024
585026
585030
585036
585037
585039
585044
585056
585059
585066
585070
585074
585080
585081
585085
585089
585090
585098
585102
585111
585127
585128
585131
585133
585135
585137
585143
585145
585150
585151
585153
585160
585161
585163
585166
585172
585173
585186
585187
585189
585192
585197
585199
585201
585202
585207
585208
585212
585216
585217
585218
585219
585220
585227
585228
585239
585248
585257
585268
585280
585283
585287
585295
585300
585307
585310
585311
585318
585321
585324
585334
585336
585345
585350
585357
585362
585363
585365
585381
585385
585388
585392
585393
585394
585396
585418
585420
585433
585434
585440
585446
585448
585450
585452
585455
585457
585458
585461
585463
585471
585475
585480
585487
585490
585491
585493
585494
585497
585504
585509
585513
585518
585521
585533
585536
585542
585552
585562
585564
585569
585575
585576
585580
585582
585586
585589
585593
585596
585597
585600
585601
585605
585607
585614
585615
585618
585629
585632
585634
585636
585638
585651
585654
585660
585664
585668
585670
585672
585677
585678
585685
585689
585693
585695
585701
585711
585714
585717
585730
585734
585735
585742
585743
585753
585756
585767
585772
585782
585791
585798
585799
585805
585808
585812
585813
585818
585828
585831
585836
585837
585838
585840
585841
585844
585847
585849
585854
585872
585882
585883
585889
585893
585895
585898
585932
585933
585937
585939
585946
585953
585956
585959
585961
585962
585963
585965
585975
585982
585985
585988
585992
585994
585998
586002
586005
586008
586023
586029
586041
586044
586047
586056
586063
586064
586069
586074
586076
586085
586089
586099
586103
586104
586114
586131
586132
586139
586159
586161
586166
586168
586169
586170
586183
586185
586186
586194
586195
586199
586205
586206
586216
586225
586230
586231
586236
586237
586245
586249
586259
586264
586265
586271
586272
586276
586282
586291
586293
586296
586314
586320
586328
586342
586349
586350
586351
586352
586360
586366
586369
586370
586375
586377
586382
586384
586389
586395
586399
586404
586410
586418
586422
586423
586424
586430
586435
586437
586438
586441
586447
586452
586455
586459
586461
586462
586466
586468
586470
586473
586480
586488
586490
586492
586497
586507
586510
586517
586531
586563
586565
586573
586576
586577
586586
586594
586599
586600
586602
586607
586608
586622
586624
586636
586639
586643
586644
586646
586649
586654
586656
586664
586672
586673
586675
586680
586681
586687
586690
586696
586698
586704
586706
586709
586726
586735
586742
586746
586756
586758
586760
586761
586770
586774
586782
586790
586799
586800
586803
586806
586821
586825
586833
586835
586837
586838
586843
586846
586849
586862
586868
586876
586877
586878
586899
586903
586906
586935
586940
586943
586952
586955
586958
586964
586968
586971
586974
586980
586983
586985
586991
586998
586999
587000
587002
587003
587010
587016
587017
587028
587033
587034
587035
587036
587047
587049
587053
587055
587056
587058
587060
587065
587067
587068
587074
587080
587081
587090
587098
587104
587109
587119
587121
587133
587141
587142
587143
587147
587151
587155
587162
587163
587166
587170
587173
587174
587176
587181
587183
587193
587197
587200
587201
587202
587204
587208
587218
587221
587227
587237
587253
587255
587257
587265
587266
587267
587270
587273
587277
587278
587281
587287
587290
587292
587298
587299
587300
587304
587306
587317
587318
587320
587325
587328
587331
587334
587340
587341
587342
587352
587363
587367
587373
587380
587385
587390
587409
587419
587427
587428
587430
587432
587444
587446
587455
587460
587461
587481
587482
587484
587489
587494
587509
587511
587515
587517
587519
587524
587531
587532
587534
587538
587540
587548
587549
587560
587561
587581
587583
587587
587596
587610
587613
587617
587621
587627
587629
587634
